Date,Open,High,Low,Close,Adj Close,Volume
2002-07-01,66.9000015258789,73.4000015258789,66.9000015258789,72.1500015258789,72.1500015258789,386411
2002-07-02,72.0,73.5999984741211,70.1500015258789,70.94999694824219,70.94999694824219,312871
2002-07-03,71.5,72.5,69.69999694824219,70.55000305175781,70.55000305175781,159069
2002-07-04,71.69999694824219,74.5,70.0999984741211,73.6500015258789,73.6500015258789,214393
2002-07-05,75.0,85.4000015258789,74.5,83.75,83.75,714568
2002-07-08,84.9000015258789,86.80000305175781,82.0,82.75,82.75,488601
2002-07-09,83.0999984741211,84.0,80.0999984741211,80.75,80.75,148408
2002-07-10,81.4000015258789,81.4000015258789,76.5,77.75,77.75,93052
2002-07-11,78.0,80.6500015258789,75.05000305175781,75.44999694824219,75.44999694824219,230346
2002-07-12,76.0,78.0,73.05000305175781,74.3499984741211,74.3499984741211,112481
2002-07-15,75.25,75.3499984741211,70.0,71.75,71.75,83854
2002-07-16,70.0,72.9000015258789,68.80000305175781,69.80000305175781,69.80000305175781,99679
2002-07-17,69.4000015258789,71.0999984741211,68.0,68.8499984741211,68.8499984741211,66132
2002-07-18,69.5,72.1500015258789,69.30000305175781,69.55000305175781,69.55000305175781,77854
2002-07-19,69.69999694824219,69.69999694824219,67.0999984741211,67.69999694824219,67.69999694824219,45607
2002-07-22,66.0,67.0,63.29999923706055,63.75,63.75,45468
2002-07-23,62.75,65.9000015258789,61.599998474121094,64.6500015258789,64.6500015258789,75318
2002-07-24,62.099998474121094,64.30000305175781,62.099998474121094,63.0,63.0,30422
2002-07-25,65.69999694824219,65.69999694824219,61.04999923706055,61.5,61.5,73789
2002-07-26,59.5,60.599998474121094,56.0,56.45000076293945,56.45000076293945,56196
2002-07-29,56.599998474121094,57.20000076293945,52.900001525878906,55.04999923706055,55.04999923706055,84084
2002-07-30,56.0,57.5,54.0,54.70000076293945,54.70000076293945,40688
2002-07-31,53.099998474121094,54.900001525878906,51.599998474121094,53.75,53.75,50364
2002-08-01,53.5,54.45000076293945,43.150001525878906,53.349998474121094,53.349998474121094,73422
2002-08-02,52.95000076293945,53.349998474121094,52.099998474121094,52.54999923706055,52.54999923706055,24079
2002-08-05,53.900001525878906,55.5,53.20000076293945,54.5,54.5,36771
2002-08-06,54.0,57.20000076293945,53.599998474121094,56.5,56.5,48179
2002-08-07,59.0,59.0,56.79999923706055,57.150001525878906,57.150001525878906,46488
2002-08-08,58.04999923706055,58.04999923706055,54.54999923706055,55.099998474121094,55.099998474121094,27072
2002-08-09,55.5,55.70000076293945,54.0,54.70000076293945,54.70000076293945,22487
2002-08-12,55.849998474121094,56.0,55.0,55.75,55.75,16048
2002-08-13,56.79999923706055,56.79999923706055,55.599998474121094,55.95000076293945,55.95000076293945,6026
2002-08-14,56.0,56.25,54.150001525878906,55.95000076293945,55.95000076293945,8258
2002-08-15,55.95000076293945,55.95000076293945,55.95000076293945,55.95000076293945,55.95000076293945,0
2002-08-16,57.0,57.0,53.599998474121094,53.95000076293945,53.95000076293945,30162
2002-08-19,54.79999923706055,54.95000076293945,54.150001525878906,54.400001525878906,54.400001525878906,8775
2002-08-20,55.75,55.75,54.400001525878906,55.150001525878906,55.150001525878906,12817
2002-08-21,55.900001525878906,56.29999923706055,54.0,54.25,54.25,17169
2002-08-22,55.0,56.900001525878906,53.79999923706055,54.150001525878906,54.150001525878906,68065
2002-08-23,54.95000076293945,55.45000076293945,54.25,54.599998474121094,54.599998474121094,20615
2002-08-26,55.0,55.599998474121094,54.150001525878906,54.5,54.5,11048
2002-08-27,54.95000076293945,54.95000076293945,51.0,52.20000076293945,52.20000076293945,31721
2002-08-28,52.150001525878906,53.0,52.099998474121094,52.900001525878906,52.900001525878906,24061
2002-08-29,52.650001525878906,52.75,50.20000076293945,50.75,50.75,32140
2002-08-30,51.650001525878906,51.75,50.900001525878906,51.5,51.5,17199
2002-09-02,52.099998474121094,52.95000076293945,51.099998474121094,51.45000076293945,51.45000076293945,27703
2002-09-03,52.0,52.0,50.79999923706055,51.099998474121094,51.099998474121094,22177
2002-09-04,50.20000076293945,52.5,50.150001525878906,50.349998474121094,50.349998474121094,21488
2002-09-05,51.099998474121094,51.70000076293945,50.79999923706055,51.04999923706055,51.04999923706055,12299
2002-09-06,48.70000076293945,51.95000076293945,48.70000076293945,50.150001525878906,50.150001525878906,10034
2002-09-09,50.04999923706055,50.75,49.599998474121094,50.04999923706055,50.04999923706055,15404
2002-09-10,50.04999923706055,50.04999923706055,50.04999923706055,50.04999923706055,50.04999923706055,0
2002-09-11,50.5,51.25,50.0,50.900001525878906,50.900001525878906,13501
2002-09-12,51.0,51.79999923706055,50.900001525878906,51.04999923706055,51.04999923706055,16464
2002-09-13,51.0,51.599998474121094,50.54999923706055,50.75,50.75,15547
2002-09-16,51.0,51.0,50.20000076293945,50.45000076293945,50.45000076293945,10560
2002-09-17,50.79999923706055,50.95000076293945,49.75,50.0,50.0,13230
2002-09-18,50.0,50.5,49.0,49.25,49.25,10369
2002-09-19,49.0,49.95000076293945,48.5,48.849998474121094,48.849998474121094,7826
2002-09-20,48.5,48.70000076293945,47.70000076293945,48.29999923706055,48.29999923706055,10642
2002-09-23,48.5,49.349998474121094,48.0,48.20000076293945,48.20000076293945,11989
2002-09-24,47.099998474121094,47.900001525878906,46.29999923706055,46.79999923706055,46.79999923706055,10707
2002-09-25,46.5,47.349998474121094,46.20000076293945,46.650001525878906,46.650001525878906,8219
2002-09-26,47.25,47.599998474121094,46.900001525878906,47.04999923706055,47.04999923706055,4946
2002-09-27,47.099998474121094,47.29999923706055,46.5,46.900001525878906,46.900001525878906,3919
2002-09-30,46.04999923706055,47.400001525878906,44.5,44.849998474121094,44.849998474121094,18063
2002-10-01,44.5,46.400001525878906,44.099998474121094,46.150001525878906,46.150001525878906,12362
2002-10-02,46.150001525878906,46.150001525878906,46.150001525878906,46.150001525878906,46.150001525878906,0
2002-10-03,46.099998474121094,46.5,45.20000076293945,45.650001525878906,45.650001525878906,5462
2002-10-04,46.099998474121094,46.099998474121094,45.0,45.25,45.25,9149
2002-10-07,46.0,46.45000076293945,45.75,45.95000076293945,45.95000076293945,6121
2002-10-08,46.0,46.5,45.5,45.95000076293945,45.95000076293945,8477
2002-10-09,46.5,46.5,44.75,45.099998474121094,45.099998474121094,15265
2002-10-10,45.599998474121094,45.599998474121094,44.45000076293945,44.650001525878906,44.650001525878906,6486
2002-10-11,45.5,45.849998474121094,44.5,44.650001525878906,44.650001525878906,8245
2002-10-14,45.150001525878906,45.400001525878906,44.75,44.900001525878906,44.900001525878906,8757
2002-10-15,44.900001525878906,44.900001525878906,44.900001525878906,44.900001525878906,44.900001525878906,0
2002-10-16,45.599998474121094,46.0,43.5,43.900001525878906,43.900001525878906,14490
2002-10-17,44.0,44.45000076293945,43.70000076293945,43.900001525878906,43.900001525878906,10773
2002-10-18,44.400001525878906,45.45000076293945,43.70000076293945,43.900001525878906,43.900001525878906,10495
2002-10-21,44.25,44.849998474121094,43.400001525878906,43.599998474121094,43.599998474121094,21094
2002-10-22,43.95000076293945,44.25,43.349998474121094,43.5,43.5,5384
2002-10-23,43.900001525878906,43.95000076293945,42.95000076293945,43.20000076293945,43.20000076293945,4477
2002-10-24,43.95000076293945,43.95000076293945,42.0,42.599998474121094,42.599998474121094,7829
2002-10-25,43.0,43.0,42.25,42.54999923706055,42.54999923706055,7115
2002-10-28,43.0,43.0,41.5,41.650001525878906,41.650001525878906,8424
2002-10-29,39.20000076293945,42.599998474121094,39.20000076293945,42.150001525878906,42.150001525878906,6052
2002-10-30,42.70000076293945,43.0,42.349998474121094,42.849998474121094,42.849998474121094,7933
2002-10-31,43.0,43.0,42.599998474121094,42.900001525878906,42.900001525878906,7370
2002-11-01,42.599998474121094,43.5,42.54999923706055,43.45000076293945,43.45000076293945,4507
2002-11-04,44.0,44.75,43.95000076293945,44.599998474121094,44.599998474121094,4827
2002-11-05,44.0,45.400001525878906,44.0,44.650001525878906,44.650001525878906,6151
2002-11-06,44.650001525878906,44.650001525878906,44.650001525878906,44.650001525878906,44.650001525878906,0
2002-11-07,45.0,45.75,44.5,44.79999923706055,44.79999923706055,14834
2002-11-08,46.900001525878906,46.900001525878906,44.29999923706055,44.75,44.75,5276
2002-11-11,44.5,44.95000076293945,43.599998474121094,43.849998474121094,43.849998474121094,4117
2002-11-12,43.900001525878906,44.04999923706055,42.5,43.0,43.0,7925
2002-11-13,43.400001525878906,43.45000076293945,42.75,42.900001525878906,42.900001525878906,3721
2002-11-14,42.650001525878906,43.349998474121094,42.650001525878906,43.04999923706055,43.04999923706055,3539
2002-11-15,43.150001525878906,44.0,42.0,43.349998474121094,43.349998474121094,9319
2002-11-18,44.0,44.0,43.0,43.29999923706055,43.29999923706055,8257
2002-11-19,43.29999923706055,43.29999923706055,43.29999923706055,43.29999923706055,43.29999923706055,0
2002-11-20,44.0,45.5,43.599998474121094,45.150001525878906,45.150001525878906,17328
2002-11-21,45.5,47.70000076293945,45.5,46.25,46.25,22000
2002-11-22,46.099998474121094,47.5,46.099998474121094,46.900001525878906,46.900001525878906,13903
2002-11-25,46.5,47.900001525878906,46.25,47.20000076293945,47.20000076293945,16850
2002-11-26,47.45000076293945,48.150001525878906,47.04999923706055,47.150001525878906,47.150001525878906,13962
2002-11-27,47.849998474121094,47.849998474121094,46.0,46.349998474121094,46.349998474121094,10636
2002-11-28,45.95000076293945,46.650001525878906,45.79999923706055,46.349998474121094,46.349998474121094,13851
2002-11-29,45.900001525878906,52.5,45.20000076293945,51.29999923706055,51.29999923706055,118601
2002-12-02,52.0,52.900001525878906,51.150001525878906,51.650001525878906,51.650001525878906,50508
2002-12-03,51.0,51.849998474121094,48.5,48.900001525878906,48.900001525878906,19242
2002-12-04,45.95000076293945,49.45000076293945,44.650001525878906,48.5,48.5,10890
2002-12-05,49.0,50.849998474121094,48.25,49.650001525878906,49.650001525878906,15778
2002-12-06,49.099998474121094,50.20000076293945,49.099998474121094,49.400001525878906,49.400001525878906,10024
2002-12-09,50.0,50.5,47.75,48.25,48.25,17817
2002-12-10,46.150001525878906,48.0,46.150001525878906,47.45000076293945,47.45000076293945,12088
2002-12-11,48.900001525878906,49.0,47.70000076293945,48.0,48.0,9426
2002-12-12,48.70000076293945,48.70000076293945,46.25,47.29999923706055,47.29999923706055,8175
2002-12-13,47.099998474121094,48.650001525878906,47.0,47.95000076293945,47.95000076293945,16942
2002-12-16,48.0,51.20000076293945,47.45000076293945,48.25,48.25,59075
2002-12-17,47.20000076293945,49.0,46.650001525878906,47.20000076293945,47.20000076293945,15724
2002-12-18,48.150001525878906,48.150001525878906,46.849998474121094,47.0,47.0,11152
2002-12-19,47.0,47.5,46.5,46.650001525878906,46.650001525878906,7574
2002-12-20,46.29999923706055,47.5,45.70000076293945,46.099998474121094,46.099998474121094,12310
2002-12-23,46.25,47.150001525878906,45.75,45.849998474121094,45.849998474121094,49407
2002-12-24,46.04999923706055,46.04999923706055,45.5,45.75,45.75,14248
2002-12-25,45.75,45.75,45.75,45.75,45.75,0
2002-12-26,45.599998474121094,46.79999923706055,45.599998474121094,46.150001525878906,46.150001525878906,13589
2002-12-27,47.150001525878906,47.400001525878906,45.400001525878906,45.45000076293945,45.45000076293945,43960
2002-12-30,45.20000076293945,45.79999923706055,45.0,45.45000076293945,45.45000076293945,13804
2002-12-31,45.20000076293945,47.099998474121094,45.20000076293945,46.400001525878906,46.400001525878906,30038
2003-01-01,47.25,47.25,45.79999923706055,46.25,46.25,11243
2003-01-02,46.0,46.349998474121094,45.349998474121094,45.650001525878906,45.650001525878906,6674
2003-01-03,45.5,46.5,45.0,45.099998474121094,45.099998474121094,16829
2003-01-06,44.900001525878906,45.20000076293945,44.25,44.75,44.75,11113
2003-01-07,44.599998474121094,44.599998474121094,43.79999923706055,43.95000076293945,43.95000076293945,6820
2003-01-08,44.0,44.45000076293945,43.75,43.95000076293945,43.95000076293945,5278
2003-01-09,45.75,45.75,43.70000076293945,44.349998474121094,44.349998474121094,4772
2003-01-10,44.29999923706055,44.400001525878906,43.20000076293945,43.599998474121094,43.599998474121094,11104
2003-01-13,43.75,44.099998474121094,43.04999923706055,43.349998474121094,43.349998474121094,7125
2003-01-14,43.70000076293945,43.95000076293945,42.79999923706055,43.0,43.0,7982
2003-01-15,43.70000076293945,43.79999923706055,43.0,43.099998474121094,43.099998474121094,3101
2003-01-16,43.20000076293945,43.5,43.0,43.20000076293945,43.20000076293945,7367
2003-01-17,43.0,44.95000076293945,40.0,44.099998474121094,44.099998474121094,41159
2003-01-20,44.20000076293945,45.5,43.099998474121094,43.54999923706055,43.54999923706055,19492
2003-01-21,44.20000076293945,44.20000076293945,42.5,42.54999923706055,42.54999923706055,10769
2003-01-22,42.95000076293945,43.79999923706055,42.5,42.650001525878906,42.650001525878906,10899
2003-01-23,41.70000076293945,43.25,41.70000076293945,42.25,42.25,14076
2003-01-24,44.0,45.95000076293945,41.650001525878906,42.099998474121094,42.099998474121094,33344
2003-01-27,43.849998474121094,43.849998474121094,37.5,37.95000076293945,37.95000076293945,52161
2003-01-28,38.599998474121094,39.5,37.0,39.20000076293945,39.20000076293945,28104
2003-01-29,39.0,40.25,38.54999923706055,39.099998474121094,39.099998474121094,23484
2003-01-30,39.0,39.75,38.25,38.349998474121094,38.349998474121094,6323
2003-01-31,38.0,38.599998474121094,37.5,37.54999923706055,37.54999923706055,12330
2003-02-03,38.20000076293945,38.70000076293945,37.5,38.20000076293945,38.20000076293945,19470
2003-02-04,38.5,39.5,37.70000076293945,38.20000076293945,38.20000076293945,17332
2003-02-05,38.650001525878906,38.650001525878906,37.25,37.5,37.5,11873
2003-02-06,38.45000076293945,38.45000076293945,37.599998474121094,37.900001525878906,37.900001525878906,5553
2003-02-07,38.25,38.25,37.25,37.849998474121094,37.849998474121094,7425
2003-02-10,37.5,37.5,35.599998474121094,35.79999923706055,35.79999923706055,17414
2003-02-11,35.599998474121094,35.900001525878906,34.04999923706055,34.45000076293945,34.45000076293945,14689
2003-02-12,33.5,34.79999923706055,33.5,33.70000076293945,33.70000076293945,17282
2003-02-13,33.70000076293945,33.70000076293945,33.70000076293945,33.70000076293945,33.70000076293945,0
2003-02-14,33.099998474121094,34.25,32.849998474121094,33.0,33.0,14875
2003-02-17,33.5,37.20000076293945,33.0,36.400001525878906,36.400001525878906,30887
2003-02-18,37.45000076293945,37.45000076293945,35.0,35.099998474121094,35.099998474121094,13616
2003-02-19,35.75,35.75,34.54999923706055,35.349998474121094,35.349998474121094,23737
2003-02-20,35.0,35.400001525878906,34.5,34.650001525878906,34.650001525878906,6348
2003-02-21,34.0,35.79999923706055,34.0,34.95000076293945,34.95000076293945,8957
2003-02-24,35.45000076293945,35.5,35.0,35.20000076293945,35.20000076293945,11256
2003-02-25,35.5,35.5,34.150001525878906,34.20000076293945,34.20000076293945,10501
2003-02-26,34.0,34.5,33.79999923706055,33.849998474121094,33.849998474121094,8931
2003-02-27,34.79999923706055,34.79999923706055,34.20000076293945,34.650001525878906,34.650001525878906,7643
2003-02-28,38.900001525878906,38.900001525878906,34.150001525878906,34.70000076293945,34.70000076293945,36124
2003-03-03,34.400001525878906,35.0,33.75,33.849998474121094,33.849998474121094,9892
2003-03-04,34.0,34.0,33.099998474121094,33.29999923706055,33.29999923706055,10926
2003-03-05,33.5,33.5,31.649999618530273,32.29999923706055,32.29999923706055,13873
2003-03-06,32.0,32.20000076293945,30.0,30.950000762939453,30.950000762939453,22170
2003-03-07,30.100000381469727,31.149999618530273,30.100000381469727,30.600000381469727,30.600000381469727,9976
2003-03-10,30.5,30.700000762939453,29.299999237060547,29.549999237060547,29.549999237060547,38253
2003-03-11,28.200000762939453,29.850000381469727,28.200000762939453,29.600000381469727,29.600000381469727,36397
2003-03-12,29.200000762939453,30.149999618530273,29.200000762939453,29.399999618530273,29.399999618530273,33978
2003-03-13,29.649999618530273,29.649999618530273,28.5,28.549999237060547,28.549999237060547,58135
2003-03-14,28.549999237060547,28.549999237060547,28.549999237060547,28.549999237060547,28.549999237060547,0
2003-03-17,28.75,28.950000762939453,28.0,28.600000381469727,28.600000381469727,98396
2003-03-18,28.600000381469727,28.600000381469727,28.600000381469727,28.600000381469727,28.600000381469727,0
2003-03-19,28.75,29.100000381469727,28.049999237060547,28.5,28.5,53320
2003-03-20,28.25,29.299999237060547,28.25,28.950000762939453,28.950000762939453,8955
2003-03-21,28.25,28.899999618530273,28.200000762939453,28.600000381469727,28.600000381469727,8346
2003-03-24,29.0,29.0,26.700000762939453,27.100000381469727,27.100000381469727,12644
2003-03-25,27.950000762939453,27.950000762939453,26.5,27.149999618530273,27.149999618530273,16137
2003-03-26,26.649999618530273,27.100000381469727,25.5,26.0,26.0,12562
2003-03-27,25.549999237060547,26.649999618530273,25.5,26.450000762939453,26.450000762939453,7939
2003-03-28,26.0,26.5,25.649999618530273,26.0,26.0,9348
2003-03-31,25.950000762939453,25.950000762939453,23.75,24.299999237060547,24.299999237060547,12650
2003-04-01,24.700000762939453,25.25,24.450000762939453,24.75,24.75,6962
2003-04-02,25.100000381469727,25.549999237060547,24.799999237060547,25.200000762939453,25.200000762939453,9592
2003-04-03,26.0,26.850000381469727,25.799999237060547,26.149999618530273,26.149999618530273,15530
2003-04-04,25.899999618530273,27.950000762939453,25.799999237060547,27.600000381469727,27.600000381469727,11616
2003-04-07,27.100000381469727,29.649999618530273,26.100000381469727,28.149999618530273,28.149999618530273,23498
2003-04-08,28.200000762939453,28.799999237060547,28.0,28.200000762939453,28.200000762939453,7934
2003-04-09,28.0,28.450000762939453,27.049999237060547,27.5,27.5,10635
2003-04-10,27.100000381469727,27.450000762939453,26.0,26.450000762939453,26.450000762939453,9860
2003-04-11,26.149999618530273,27.0,26.0,26.549999237060547,26.549999237060547,7346
2003-04-15,27.450000762939453,28.350000381469727,26.350000381469727,26.549999237060547,26.549999237060547,3953
2003-04-16,26.450000762939453,26.850000381469727,25.399999618530273,25.799999237060547,25.799999237060547,9954
2003-04-17,25.75,26.100000381469727,25.600000381469727,26.0,26.0,7345
2003-04-18,26.0,26.0,26.0,26.0,26.0,0
2003-04-21,24.5,26.100000381469727,24.5,24.899999618530273,24.899999618530273,17421
2003-04-22,24.5,26.0,24.5,25.25,25.25,19471
2003-04-23,25.950000762939453,25.950000762939453,24.149999618530273,24.399999618530273,24.399999618530273,11888
2003-04-24,24.5,25.5,24.299999237060547,24.549999237060547,24.549999237060547,5584
2003-04-25,24.75,24.75,23.75,23.950000762939453,23.950000762939453,13198
2003-04-28,26.399999618530273,26.399999618530273,23.799999237060547,25.149999618530273,25.149999618530273,8343
2003-04-29,25.649999618530273,25.649999618530273,24.549999237060547,24.700000762939453,24.700000762939453,8599
2003-04-30,24.950000762939453,24.950000762939453,24.5,24.549999237060547,24.549999237060547,2820
2003-05-01,24.549999237060547,24.549999237060547,24.549999237060547,24.549999237060547,24.549999237060547,0
2003-05-02,24.5,24.950000762939453,22.649999618530273,23.25,23.25,30959
2003-05-05,24.0,24.799999237060547,23.700000762939453,23.899999618530273,23.899999618530273,30130
2003-05-06,24.600000381469727,24.600000381469727,23.649999618530273,23.850000381469727,23.850000381469727,18854
2003-05-07,24.0,24.0,22.549999237060547,22.899999618530273,22.899999618530273,45786
2003-05-08,23.850000381469727,23.850000381469727,22.899999618530273,23.0,23.0,19127
2003-05-09,23.0,23.149999618530273,22.5,22.700000762939453,22.700000762939453,26393
2003-05-12,23.5,23.5,22.299999237060547,22.450000762939453,22.450000762939453,47644
2003-05-13,22.25,23.0,22.049999237060547,22.700000762939453,22.700000762939453,33420
2003-05-14,22.799999237060547,25.899999618530273,22.25,25.600000381469727,25.600000381469727,84246
2003-05-15,25.950000762939453,28.850000381469727,25.950000762939453,28.399999618530273,28.399999618530273,196687
2003-05-16,28.850000381469727,30.399999618530273,28.049999237060547,28.450000762939453,28.450000762939453,169272
2003-05-19,28.75,28.75,27.25,27.600000381469727,27.600000381469727,41200
2003-05-20,27.100000381469727,27.25,26.5,26.950000762939453,26.950000762939453,31057
2003-05-21,27.0,28.350000381469727,27.0,27.25,27.25,44566
2003-05-22,27.5,28.0,27.350000381469727,27.600000381469727,27.600000381469727,26969
2003-05-23,30.850000381469727,30.850000381469727,27.25,27.5,27.5,46053
2003-05-26,28.0,29.799999237060547,28.0,29.25,29.25,84903
2003-05-27,29.899999618530273,30.899999618530273,28.649999618530273,29.100000381469727,29.100000381469727,83557
2003-05-28,29.0,29.5,28.549999237060547,28.899999618530273,28.899999618530273,30302
2003-05-29,29.5,29.5,28.5,29.049999237060547,29.049999237060547,24813
2003-05-30,28.75,29.350000381469727,28.100000381469727,28.399999618530273,28.399999618530273,21762
2003-06-02,29.0,29.5,28.25,28.799999237060547,28.799999237060547,30056
2003-06-03,28.75,29.399999618530273,28.600000381469727,28.899999618530273,28.899999618530273,18666
2003-06-04,27.649999618530273,34.70000076293945,27.649999618530273,34.70000076293945,34.70000076293945,312960
2003-06-05,35.900001525878906,36.29999923706055,32.54999923706055,33.04999923706055,33.04999923706055,306945
2003-06-06,33.45000076293945,35.5,32.849998474121094,33.900001525878906,33.900001525878906,188252
2003-06-09,34.45000076293945,34.75,33.5,33.900001525878906,33.900001525878906,58601
2003-06-10,34.0,36.25,32.54999923706055,33.20000076293945,33.20000076293945,145230
2003-06-11,33.70000076293945,34.349998474121094,32.79999923706055,33.04999923706055,33.04999923706055,54725
2003-06-12,33.650001525878906,33.70000076293945,31.799999237060547,32.150001525878906,32.150001525878906,39135
2003-06-13,33.0,33.0,32.04999923706055,32.349998474121094,32.349998474121094,34128
2003-06-16,32.5,32.75,31.5,31.600000381469727,31.600000381469727,21677
2003-06-17,32.25,32.70000076293945,31.799999237060547,32.04999923706055,32.04999923706055,21649
2003-06-18,32.25,33.849998474121094,32.25,32.95000076293945,32.95000076293945,47086
2003-06-19,33.0,33.5,32.25,32.5,32.5,23985
2003-06-20,32.400001525878906,32.79999923706055,31.100000381469727,31.549999237060547,31.549999237060547,27094
2003-06-23,32.29999923706055,32.45000076293945,31.100000381469727,31.399999618530273,31.399999618530273,33147
2003-06-24,31.100000381469727,32.849998474121094,31.0,32.29999923706055,32.29999923706055,50205
2003-06-25,32.599998474121094,34.45000076293945,32.599998474121094,33.400001525878906,33.400001525878906,69793
2003-06-26,33.5,34.400001525878906,32.5,32.75,32.75,64085
2003-06-27,33.29999923706055,33.75,32.75,33.099998474121094,33.099998474121094,28518
2003-06-30,32.95000076293945,34.79999923706055,32.70000076293945,34.099998474121094,34.099998474121094,79241
2003-07-01,34.349998474121094,34.5,33.5,34.0,34.0,33859
2003-07-02,33.5,36.75,33.5,35.349998474121094,35.349998474121094,227257
2003-07-03,36.650001525878906,36.70000076293945,35.0,35.349998474121094,35.349998474121094,84741
2003-07-04,35.04999923706055,36.79999923706055,35.0,35.400001525878906,35.400001525878906,108457
2003-07-07,35.400001525878906,38.349998474121094,35.25,37.400001525878906,37.400001525878906,191184
2003-07-08,38.0,38.20000076293945,36.0,36.25,36.25,65695
2003-07-09,37.0,37.0,34.099998474121094,34.29999923706055,34.29999923706055,41813
2003-07-10,33.70000076293945,34.5,33.0,33.599998474121094,33.599998474121094,39590
2003-07-11,36.0,36.0,33.5,33.70000076293945,33.70000076293945,26122
2003-07-14,35.5,40.45000076293945,35.29999923706055,40.45000076293945,40.45000076293945,271376
2003-07-15,41.0,44.0,38.70000076293945,39.29999923706055,39.29999923706055,364873
2003-07-16,40.400001525878906,43.20000076293945,39.349998474121094,41.25,41.25,221230
2003-07-17,42.0,42.599998474121094,39.599998474121094,39.95000076293945,39.95000076293945,134931
2003-07-18,39.5,40.0,37.75,38.54999923706055,38.54999923706055,63664
2003-07-21,39.0,46.29999923706055,38.650001525878906,46.29999923706055,46.29999923706055,605120
2003-07-22,46.400001525878906,46.400001525878906,41.099998474121094,42.150001525878906,42.150001525878906,386990
2003-07-23,43.5,48.70000076293945,43.099998474121094,44.75,44.75,461905
2003-07-24,46.400001525878906,46.400001525878906,43.099998474121094,43.45000076293945,43.45000076293945,133932
2003-07-25,43.95000076293945,45.20000076293945,42.54999923706055,42.79999923706055,42.79999923706055,138054
2003-07-28,43.20000076293945,44.45000076293945,41.20000076293945,42.25,42.25,121240
2003-07-29,42.0,42.849998474121094,40.900001525878906,41.150001525878906,41.150001525878906,59895
2003-07-30,41.5,42.79999923706055,40.5,40.79999923706055,40.79999923706055,53102
2003-07-31,41.599998474121094,42.29999923706055,40.25,40.599998474121094,40.599998474121094,43529
2003-08-01,40.25,41.70000076293945,40.150001525878906,40.45000076293945,40.45000076293945,50644
2003-08-04,41.0,44.5,40.25,41.54999923706055,41.54999923706055,140608
2003-08-05,42.20000076293945,42.5,40.0,40.29999923706055,40.29999923706055,69972
2003-08-06,40.849998474121094,40.95000076293945,37.900001525878906,38.349998474121094,38.349998474121094,74934
2003-08-07,39.5,40.900001525878906,39.099998474121094,39.650001525878906,39.650001525878906,79599
2003-08-08,39.5,41.5,39.5,39.70000076293945,39.70000076293945,110221
2003-08-11,40.70000076293945,40.79999923706055,39.0,39.70000076293945,39.70000076293945,64025
2003-08-12,40.45000076293945,41.79999923706055,39.04999923706055,39.599998474121094,39.599998474121094,218170
2003-08-13,40.099998474121094,40.70000076293945,39.5,39.70000076293945,39.70000076293945,70917
2003-08-14,39.5,42.599998474121094,39.5,41.45000076293945,41.45000076293945,199948
2003-08-15,41.45000076293945,41.45000076293945,41.45000076293945,41.45000076293945,41.45000076293945,0
2003-08-18,42.70000076293945,43.599998474121094,41.75,42.20000076293945,42.20000076293945,189814
2003-08-19,43.400001525878906,43.45000076293945,40.5,40.849998474121094,40.849998474121094,118569
2003-08-20,40.20000076293945,41.29999923706055,39.29999923706055,39.70000076293945,39.70000076293945,72676
2003-08-21,40.45000076293945,45.0,40.0,42.70000076293945,42.70000076293945,355337
2003-08-22,43.70000076293945,44.650001525878906,41.79999923706055,43.849998474121094,43.849998474121094,260821
2003-08-25,44.900001525878906,46.400001525878906,40.70000076293945,41.45000076293945,41.45000076293945,391098
2003-08-26,42.0,46.20000076293945,41.099998474121094,45.400001525878906,45.400001525878906,332952
2003-08-27,45.75,49.900001525878906,45.70000076293945,47.650001525878906,47.650001525878906,954662
2003-08-28,47.79999923706055,48.95000076293945,45.650001525878906,46.70000076293945,46.70000076293945,274292
2003-08-29,47.79999923706055,47.900001525878906,44.29999923706055,44.70000076293945,44.70000076293945,157181
2003-09-01,47.5,47.5,44.599998474121094,44.849998474121094,44.849998474121094,84534
2003-09-02,45.0,45.849998474121094,43.54999923706055,44.400001525878906,44.400001525878906,104941
2003-09-03,45.400001525878906,45.5,42.599998474121094,43.04999923706055,43.04999923706055,93495
2003-09-04,45.45000076293945,49.099998474121094,41.75,42.099998474121094,42.099998474121094,83075
2003-09-05,42.0,44.79999923706055,42.0,42.650001525878906,42.650001525878906,49995
2003-09-08,44.70000076293945,45.900001525878906,42.900001525878906,45.150001525878906,45.150001525878906,237202
2003-09-09,45.54999923706055,45.75,42.5,42.75,42.75,131903
2003-09-10,42.099998474121094,44.0,42.0,42.900001525878906,42.900001525878906,103389
2003-09-11,43.0,46.099998474121094,42.150001525878906,44.20000076293945,44.20000076293945,217258
2003-09-12,45.20000076293945,46.0,42.29999923706055,42.900001525878906,42.900001525878906,170863
2003-09-15,43.900001525878906,43.900001525878906,41.099998474121094,41.5,41.5,62225
2003-09-16,42.45000076293945,42.45000076293945,39.70000076293945,40.70000076293945,40.70000076293945,140807
2003-09-17,41.25,42.400001525878906,40.099998474121094,40.5,40.5,129335
2003-09-18,40.5,40.75,39.0,39.20000076293945,39.20000076293945,59639
2003-09-19,40.0,40.349998474121094,37.599998474121094,38.54999923706055,38.54999923706055,51536
2003-09-22,38.75,39.70000076293945,38.150001525878906,38.29999923706055,38.29999923706055,29644
2003-09-23,37.25,38.79999923706055,37.25,38.29999923706055,38.29999923706055,22135
2003-09-24,38.900001525878906,39.150001525878906,38.099998474121094,38.70000076293945,38.70000076293945,27407
2003-09-25,38.95000076293945,39.400001525878906,38.5,38.75,38.75,35288
2003-09-26,39.5,40.849998474121094,39.29999923706055,39.849998474121094,39.849998474121094,69226
2003-09-29,39.0,40.900001525878906,39.0,39.95000076293945,39.95000076293945,49634
2003-09-30,40.75,40.95000076293945,39.70000076293945,39.79999923706055,39.79999923706055,31517
2003-10-01,39.79999923706055,39.900001525878906,38.70000076293945,38.95000076293945,38.95000076293945,32583
2003-10-02,38.95000076293945,38.95000076293945,38.95000076293945,38.95000076293945,38.95000076293945,0
2003-10-03,38.79999923706055,40.54999923706055,38.75,39.900001525878906,39.900001525878906,59865
2003-10-06,40.099998474121094,42.150001525878906,40.0,41.900001525878906,41.900001525878906,120880
2003-10-07,42.45000076293945,47.0,41.349998474121094,41.75,41.75,136642
2003-10-08,42.29999923706055,42.75,41.150001525878906,41.54999923706055,41.54999923706055,60560
2003-10-09,42.5,42.5,41.0,41.25,41.25,69144
2003-10-10,41.95000076293945,42.0,40.70000076293945,41.0,41.0,53610
2003-10-13,41.0,42.0,41.0,41.45000076293945,41.45000076293945,77555
2003-10-14,42.0,42.400001525878906,39.75,40.20000076293945,40.20000076293945,72557
2003-10-15,40.5,40.70000076293945,39.150001525878906,39.79999923706055,39.79999923706055,52193
2003-10-16,40.400001525878906,40.79999923706055,39.5,39.70000076293945,39.70000076293945,40604
2003-10-17,41.0,41.099998474121094,39.099998474121094,39.400001525878906,39.400001525878906,58445
2003-10-20,39.75,39.849998474121094,38.25,38.70000076293945,38.70000076293945,41338
2003-10-21,39.25,39.25,37.75,37.95000076293945,37.95000076293945,34393
2003-10-22,37.150001525878906,38.45000076293945,36.04999923706055,36.400001525878906,36.400001525878906,42711
2003-10-23,36.5,36.849998474121094,35.650001525878906,36.0,36.0,36300
2003-10-24,35.849998474121094,36.349998474121094,35.150001525878906,35.900001525878906,35.900001525878906,21091
2003-10-27,36.79999923706055,37.70000076293945,36.0,36.29999923706055,36.29999923706055,20318
2003-10-28,37.25,37.349998474121094,35.599998474121094,35.900001525878906,35.900001525878906,18033
2003-10-29,36.650001525878906,36.70000076293945,34.95000076293945,35.25,35.25,19631
2003-10-30,35.70000076293945,36.0,35.099998474121094,35.45000076293945,35.45000076293945,19166
2003-10-31,34.099998474121094,35.79999923706055,34.099998474121094,35.25,35.25,30241
2003-11-03,35.599998474121094,36.0,35.0,35.599998474121094,35.599998474121094,20147
2003-11-04,35.25,36.0,34.75,35.099998474121094,35.099998474121094,30341
2003-11-05,35.5,36.349998474121094,35.20000076293945,35.45000076293945,35.45000076293945,48137
2003-11-06,36.5,38.45000076293945,36.0,37.79999923706055,37.79999923706055,94052
2003-11-07,38.5,40.70000076293945,38.25,39.650001525878906,39.650001525878906,123534
2003-11-10,39.95000076293945,40.70000076293945,39.20000076293945,40.099998474121094,40.099998474121094,38892
2003-11-11,40.5,41.900001525878906,39.75,40.70000076293945,40.70000076293945,98893
2003-11-12,41.849998474121094,42.45000076293945,41.20000076293945,41.5,41.5,104998
2003-11-13,42.5,43.25,40.29999923706055,40.75,40.75,144233
2003-11-14,41.0,41.0,39.0,39.25,39.25,52990
2003-11-17,39.75,41.150001525878906,39.5,40.75,40.75,66864
2003-11-18,41.79999923706055,42.95000076293945,41.0,41.29999923706055,41.29999923706055,229275
2003-11-19,41.900001525878906,43.0,39.75,40.0,40.0,81538
2003-11-20,40.5,40.5,38.5,38.849998474121094,38.849998474121094,52458
2003-11-21,38.5,38.5,37.400001525878906,38.099998474121094,38.099998474121094,47548
2003-11-24,38.75,39.0,37.099998474121094,38.75,38.75,47126
2003-11-25,39.04999923706055,41.0,38.5,40.45000076293945,40.45000076293945,115973
2003-11-26,40.45000076293945,40.45000076293945,40.45000076293945,40.45000076293945,40.45000076293945,0
2003-11-27,41.5,43.95000076293945,41.400001525878906,43.5,43.5,417527
2003-11-28,44.29999923706055,45.79999923706055,43.5,45.29999923706055,45.29999923706055,496724
2003-12-01,46.099998474121094,46.400001525878906,44.5,44.900001525878906,44.900001525878906,314280
2003-12-02,45.25,45.29999923706055,43.0,43.349998474121094,43.349998474121094,113065
2003-12-03,43.400001525878906,43.599998474121094,42.54999923706055,43.0,43.0,100690
2003-12-04,45.0,48.5,44.54999923706055,45.95000076293945,45.95000076293945,344378
2003-12-05,47.0,47.0,43.54999923706055,44.0,44.0,185199
2003-12-08,43.0,45.650001525878906,43.0,45.150001525878906,45.150001525878906,117398
2003-12-09,45.900001525878906,51.349998474121094,45.25,50.650001525878906,50.650001525878906,904677
2003-12-10,50.95000076293945,51.900001525878906,48.400001525878906,49.150001525878906,49.150001525878906,410155
2003-12-11,49.849998474121094,53.25,49.29999923706055,51.400001525878906,51.400001525878906,735694
2003-12-12,51.900001525878906,52.95000076293945,50.099998474121094,50.54999923706055,50.54999923706055,387594
2003-12-15,51.400001525878906,51.5,50.099998474121094,50.349998474121094,50.349998474121094,266667
2003-12-16,50.900001525878906,50.900001525878906,47.29999923706055,48.599998474121094,48.599998474121094,188729
2003-12-17,48.20000076293945,48.900001525878906,47.5,47.79999923706055,47.79999923706055,115276
2003-12-18,48.0,52.5,47.54999923706055,51.29999923706055,51.29999923706055,503278
2003-12-19,52.400001525878906,52.95000076293945,50.04999923706055,50.45000076293945,50.45000076293945,492050
2003-12-22,51.0,51.900001525878906,50.849998474121094,51.150001525878906,51.150001525878906,245843
2003-12-23,52.29999923706055,52.45000076293945,49.599998474121094,49.79999923706055,49.79999923706055,127868
2003-12-24,50.0,52.5,49.099998474121094,51.54999923706055,51.54999923706055,351783
2003-12-25,51.54999923706055,51.54999923706055,51.54999923706055,51.54999923706055,51.54999923706055,0
2003-12-26,54.900001525878906,54.900001525878906,52.0,52.400001525878906,52.400001525878906,536475
2003-12-29,52.900001525878906,53.900001525878906,52.0,52.25,52.25,244127
2003-12-30,52.5,52.900001525878906,50.400001525878906,50.650001525878906,50.650001525878906,174352
2003-12-31,51.0,51.0,48.650001525878906,49.04999923706055,49.04999923706055,115186
2004-01-01,50.0,50.5,49.54999923706055,49.79999923706055,49.79999923706055,95260
2004-01-02,50.29999923706055,51.20000076293945,49.5,50.25,50.25,212182
2004-01-05,51.0,54.400001525878906,50.25,53.650001525878906,53.650001525878906,542751
2004-01-06,55.0,56.400001525878906,50.79999923706055,51.650001525878906,51.650001525878906,708487
2004-01-07,51.70000076293945,52.650001525878906,49.75,50.75,50.75,230234
2004-01-08,51.25,53.599998474121094,50.900001525878906,52.70000076293945,52.70000076293945,336276
2004-01-09,60.54999923706055,60.54999923706055,51.25,52.099998474121094,52.099998474121094,384706
2004-01-12,52.5,61.20000076293945,52.0,58.25,58.25,2134137
2004-01-13,59.900001525878906,59.900001525878906,55.599998474121094,56.20000076293945,56.20000076293945,748656
2004-01-14,56.599998474121094,59.5,56.599998474121094,57.45000076293945,57.45000076293945,758537
2004-01-15,58.0,58.20000076293945,55.0,55.20000076293945,55.20000076293945,371717
2004-01-16,53.650001525878906,55.75,52.0,52.75,52.75,232120
2004-01-19,53.0,54.0,50.0,51.599998474121094,51.599998474121094,191800
2004-01-20,52.099998474121094,53.5,49.54999923706055,50.099998474121094,50.099998474121094,172550
2004-01-21,49.0,50.349998474121094,43.25,44.650001525878906,44.650001525878906,218982
2004-01-22,46.0,46.5,41.0,41.5,41.5,234974
2004-01-23,41.900001525878906,44.900001525878906,41.0,44.29999923706055,44.29999923706055,177025
2004-01-26,44.29999923706055,44.29999923706055,44.29999923706055,44.29999923706055,44.29999923706055,0
2004-01-27,45.20000076293945,47.20000076293945,44.0,46.099998474121094,46.099998474121094,159641
2004-01-28,47.5,47.5,44.0,44.20000076293945,44.20000076293945,102818
2004-01-29,43.29999923706055,44.349998474121094,43.0,43.20000076293945,43.20000076293945,60457
2004-01-30,42.849998474121094,44.45000076293945,41.04999923706055,41.29999923706055,41.29999923706055,78919
2004-02-02,41.29999923706055,41.29999923706055,41.29999923706055,41.29999923706055,41.29999923706055,0
2004-02-03,41.0,41.0,36.150001525878906,36.900001525878906,36.900001525878906,100000
2004-02-04,37.150001525878906,39.0,35.599998474121094,36.900001525878906,36.900001525878906,119052
2004-02-05,37.0,39.099998474121094,37.0,38.20000076293945,38.20000076293945,75620
2004-02-06,37.54999923706055,39.5,37.54999923706055,38.400001525878906,38.400001525878906,65071
2004-02-09,39.5,39.599998474121094,37.650001525878906,39.04999923706055,39.04999923706055,72422
2004-02-10,39.79999923706055,39.79999923706055,38.099998474121094,38.25,38.25,79338
2004-02-11,38.75,38.75,37.099998474121094,37.79999923706055,37.79999923706055,63006
2004-02-12,37.5,38.0,37.099998474121094,37.29999923706055,37.29999923706055,42106
2004-02-13,38.099998474121094,39.349998474121094,37.0,39.099998474121094,39.099998474121094,97981
2004-02-16,39.54999923706055,40.75,39.099998474121094,39.650001525878906,39.650001525878906,85886
2004-02-17,39.70000076293945,39.70000076293945,38.099998474121094,38.650001525878906,38.650001525878906,21662
2004-02-18,39.79999923706055,39.79999923706055,37.25,37.75,37.75,46367
2004-02-19,37.79999923706055,38.25,36.5,36.650001525878906,36.650001525878906,36221
2004-02-20,36.599998474121094,37.25,36.29999923706055,36.54999923706055,36.54999923706055,36748
2004-02-23,36.25,37.04999923706055,35.29999923706055,35.599998474121094,35.599998474121094,36598
2004-02-24,35.0,35.5,34.5,35.150001525878906,35.150001525878906,35954
2004-02-25,35.45000076293945,36.5,35.099998474121094,35.29999923706055,35.29999923706055,48538
2004-02-26,35.54999923706055,36.400001525878906,34.5,34.79999923706055,34.79999923706055,50066
2004-02-27,34.95000076293945,35.0,33.599998474121094,34.0,34.0,51084
2004-03-01,34.150001525878906,35.5,33.95000076293945,34.599998474121094,34.599998474121094,34144
2004-03-02,34.599998474121094,34.599998474121094,34.599998474121094,34.599998474121094,34.599998474121094,0
2004-03-03,34.75,35.45000076293945,33.25,33.75,33.75,52989
2004-03-04,33.900001525878906,34.25,32.20000076293945,32.349998474121094,32.349998474121094,36646
2004-03-05,32.099998474121094,33.400001525878906,32.099998474121094,33.0,33.0,35680
2004-03-08,33.150001525878906,34.0,33.150001525878906,33.70000076293945,33.70000076293945,33333
2004-03-09,32.79999923706055,33.150001525878906,32.599998474121094,33.04999923706055,33.04999923706055,24317
2004-03-10,33.45000076293945,35.0,33.0,33.400001525878906,33.400001525878906,50251
2004-03-11,33.20000076293945,33.5,32.900001525878906,33.150001525878906,33.150001525878906,23208
2004-03-12,33.0,33.0,32.5,32.70000076293945,32.70000076293945,32805
2004-03-15,35.0,35.0,31.899999618530273,32.099998474121094,32.099998474121094,51909
2004-03-16,32.0,32.0,30.649999618530273,30.899999618530273,30.899999618530273,27443
2004-03-17,31.0,31.5,30.100000381469727,30.25,30.25,24286
2004-03-18,30.0,30.899999618530273,29.0,29.399999618530273,29.399999618530273,34012
2004-03-19,30.0,30.0,29.100000381469727,29.299999237060547,29.299999237060547,25022
2004-03-22,29.0,29.899999618530273,27.0,27.200000762939453,27.200000762939453,37736
2004-03-23,27.100000381469727,30.0,26.5,27.700000762939453,27.700000762939453,58102
2004-03-24,29.0,29.0,27.100000381469727,27.600000381469727,27.600000381469727,39473
2004-03-25,30.0,30.0,27.600000381469727,28.100000381469727,28.100000381469727,37046
2004-03-26,28.0,29.799999237060547,28.0,29.299999237060547,29.299999237060547,69949
2004-03-29,25.0,30.75,25.0,29.700000762939453,29.700000762939453,63091
2004-03-30,30.0,31.899999618530273,29.649999618530273,30.649999618530273,30.649999618530273,58492
2004-03-31,30.700000762939453,31.5,30.5,30.950000762939453,30.950000762939453,40663
2004-04-01,31.700000762939453,33.0,31.399999618530273,32.849998474121094,32.849998474121094,26583
2004-04-02,32.849998474121094,33.150001525878906,31.700000762939453,32.29999923706055,32.29999923706055,36982
2004-04-05,32.5,34.0,32.5,32.650001525878906,32.650001525878906,48051
2004-04-06,33.0,33.0,31.75,31.950000762939453,31.950000762939453,14129
2004-04-07,33.0,33.0,31.0,31.299999237060547,31.299999237060547,16353
2004-04-08,31.299999237060547,31.899999618530273,31.100000381469727,31.299999237060547,31.299999237060547,10689
2004-04-09,31.299999237060547,31.299999237060547,31.299999237060547,31.299999237060547,31.299999237060547,0
2004-04-12,31.75,33.599998474121094,31.75,32.849998474121094,32.849998474121094,72615
2004-04-13,31.0,33.54999923706055,31.0,32.29999923706055,32.29999923706055,18253
2004-04-14,32.29999923706055,32.29999923706055,32.29999923706055,32.29999923706055,32.29999923706055,0
2004-04-15,31.450000762939453,33.599998474121094,31.399999618530273,32.29999923706055,32.29999923706055,17823
2004-04-16,32.0,33.45000076293945,32.0,32.599998474121094,32.599998474121094,30276
2004-04-19,35.79999923706055,36.25,34.04999923706055,34.45000076293945,34.45000076293945,58194
2004-04-20,33.349998474121094,34.5,31.5,33.95000076293945,33.95000076293945,29614
2004-04-21,34.20000076293945,38.75,33.5,37.75,37.75,208605
2004-04-22,38.25,38.25,36.29999923706055,36.599998474121094,36.599998474121094,80686
2004-04-23,37.0,37.900001525878906,36.0,36.150001525878906,36.150001525878906,86436
2004-04-27,34.25,35.5,33.29999923706055,34.29999923706055,34.29999923706055,52824
2004-04-28,34.400001525878906,34.400001525878906,32.900001525878906,33.75,33.75,52963
2004-04-29,32.5,34.0,32.5,33.70000076293945,33.70000076293945,17365
2004-04-30,33.25,33.79999923706055,33.0,33.150001525878906,33.150001525878906,15188
2004-05-03,32.099998474121094,32.099998474121094,30.899999618530273,31.5,31.5,55823
2004-05-04,32.0,32.75,31.5,31.700000762939453,31.700000762939453,38082
2004-05-05,32.400001525878906,32.70000076293945,31.899999618530273,32.099998474121094,32.099998474121094,16302
2004-05-06,34.400001525878906,34.400001525878906,32.5,32.95000076293945,32.95000076293945,32880
2004-05-07,32.5,33.099998474121094,32.29999923706055,32.79999923706055,32.79999923706055,15968
2004-05-10,33.0,33.349998474121094,31.5,31.700000762939453,31.700000762939453,17837
2004-05-11,29.0,31.549999237060547,29.0,30.700000762939453,30.700000762939453,29350
2004-05-12,31.0,31.600000381469727,29.799999237060547,30.0,30.0,62551
2004-05-13,29.600000381469727,31.549999237060547,29.200000762939453,30.950000762939453,30.950000762939453,38970
2004-05-14,31.0,32.150001525878906,28.0,29.149999618530273,29.149999618530273,60704
2004-05-17,28.5,28.5,23.549999237060547,25.649999618530273,25.649999618530273,49851
2004-05-18,27.0,30.5,26.950000762939453,27.950000762939453,27.950000762939453,62450
2004-05-19,29.700000762939453,30.0,27.899999618530273,29.200000762939453,29.200000762939453,37088
2004-05-20,31.5,31.5,28.549999237060547,29.0,29.0,57834
2004-05-21,27.700000762939453,29.100000381469727,27.700000762939453,28.850000381469727,28.850000381469727,12998
2004-05-24,31.399999618530273,32.150001525878906,29.700000762939453,30.899999618530273,30.899999618530273,118325
2004-05-25,29.100000381469727,31.899999618530273,29.100000381469727,30.549999237060547,30.549999237060547,27766
2004-05-26,30.950000762939453,31.450000762939453,29.700000762939453,30.0,30.0,24901
2004-05-27,29.549999237060547,30.25,29.149999618530273,29.350000381469727,29.350000381469727,27740
2004-05-28,28.149999618530273,29.350000381469727,27.5,27.850000381469727,27.850000381469727,45764
2004-05-31,26.649999618530273,27.799999237060547,25.5,26.350000381469727,26.350000381469727,27698
2004-06-01,27.149999618530273,27.600000381469727,27.0,27.200000762939453,27.200000762939453,13624
2004-06-02,27.399999618530273,27.399999618530273,26.5,26.850000381469727,26.850000381469727,22710
2004-06-03,26.649999618530273,27.399999618530273,26.5,26.899999618530273,26.899999618530273,44034
2004-06-04,26.649999618530273,27.100000381469727,26.549999237060547,26.850000381469727,26.850000381469727,42662
2004-06-07,27.049999237060547,27.549999237060547,26.100000381469727,26.25,26.25,16025
2004-06-08,26.5,26.899999618530273,25.700000762939453,25.899999618530273,25.899999618530273,34716
2004-06-09,26.200000762939453,26.5,25.700000762939453,25.850000381469727,25.850000381469727,37730
2004-06-10,26.299999237060547,26.350000381469727,25.700000762939453,25.799999237060547,25.799999237060547,29055
2004-06-11,25.75,26.0,25.600000381469727,25.649999618530273,25.649999618530273,18721
2004-06-14,25.399999618530273,25.600000381469727,25.0,25.5,25.5,17181
2004-06-15,26.149999618530273,26.149999618530273,25.049999237060547,25.600000381469727,25.600000381469727,12387
2004-06-16,26.049999237060547,26.100000381469727,25.299999237060547,25.600000381469727,25.600000381469727,31415
2004-06-17,25.0,25.299999237060547,24.299999237060547,24.600000381469727,24.600000381469727,28311
2004-06-18,25.25,25.5,24.5,24.549999237060547,24.549999237060547,10101
2004-06-21,25.0,25.299999237060547,24.299999237060547,24.5,24.5,15783
2004-06-22,24.299999237060547,24.75,24.049999237060547,24.399999618530273,24.399999618530273,19208
2004-06-23,24.100000381469727,24.5,23.450000762939453,23.75,23.75,21278
2004-06-24,24.0,24.200000762939453,23.0,23.5,23.5,16393
2004-06-25,23.850000381469727,26.25,23.25,25.75,25.75,52897
2004-06-28,26.5,27.950000762939453,25.799999237060547,27.75,27.75,81452
2004-06-29,27.700000762939453,28.5,27.200000762939453,27.350000381469727,27.350000381469727,38128
2004-06-30,27.25,27.600000381469727,27.0,27.399999618530273,27.399999618530273,33556
2004-07-01,27.5,27.5,26.600000381469727,27.049999237060547,27.049999237060547,11370
2004-07-02,27.0,29.5,26.25,28.25,28.25,86925
2004-07-05,30.0,30.0,27.399999618530273,27.549999237060547,27.549999237060547,52715
2004-07-06,26.700000762939453,27.700000762939453,26.700000762939453,27.649999618530273,27.649999618530273,13644
2004-07-07,26.75,27.600000381469727,26.75,26.950000762939453,26.950000762939453,12977
2004-07-08,27.100000381469727,28.899999618530273,26.0,26.200000762939453,26.200000762939453,60374
2004-07-09,26.25,26.950000762939453,26.0,26.600000381469727,26.600000381469727,16795
2004-07-12,26.75,28.549999237060547,26.100000381469727,27.25,27.25,36085
2004-07-13,27.350000381469727,28.100000381469727,26.850000381469727,27.100000381469727,27.100000381469727,12758
2004-07-14,27.700000762939453,27.700000762939453,26.700000762939453,26.850000381469727,26.850000381469727,8540
2004-07-15,27.299999237060547,29.899999618530273,27.0,29.350000381469727,29.350000381469727,184820
2004-07-16,29.25,35.25,28.600000381469727,35.25,35.25,521918
2004-07-19,36.45000076293945,42.29999923706055,36.0,41.900001525878906,41.900001525878906,665156
2004-07-20,42.79999923706055,48.099998474121094,39.79999923706055,45.70000076293945,45.70000076293945,2230549
2004-07-21,46.5,48.70000076293945,44.400001525878906,46.25,46.25,1454343
2004-07-22,47.0,48.5,46.0,46.75,46.75,703040
2004-07-23,47.25,50.29999923706055,47.20000076293945,49.45000076293945,49.45000076293945,804763
2004-07-26,49.04999923706055,51.95000076293945,49.0,50.75,50.75,530824
2004-07-27,52.099998474121094,55.20000076293945,45.70000076293945,46.70000076293945,46.70000076293945,1201117
2004-07-28,48.45000076293945,48.45000076293945,42.04999923706055,42.04999923706055,42.04999923706055,574612
2004-07-29,38.54999923706055,46.29999923706055,37.849998474121094,45.29999923706055,45.29999923706055,2073922
2004-07-30,44.04999923706055,46.45000076293945,42.79999923706055,43.54999923706055,43.54999923706055,647855
2004-08-02,44.95000076293945,45.599998474121094,41.599998474121094,42.150001525878906,42.150001525878906,260152
2004-08-03,42.29999923706055,42.400001525878906,40.0,40.25,40.25,203439
2004-08-04,40.0,42.349998474121094,39.79999923706055,40.20000076293945,40.20000076293945,200173
2004-08-05,40.5,42.70000076293945,40.0,41.29999923706055,41.29999923706055,725390
2004-08-06,41.75,41.900001525878906,40.20000076293945,40.5,40.5,176539
2004-08-09,40.650001525878906,41.79999923706055,39.95000076293945,41.150001525878906,41.150001525878906,232954
2004-08-10,41.29999923706055,41.29999923706055,39.75,40.04999923706055,40.04999923706055,128051
2004-08-11,38.0,39.5,36.04999923706055,36.04999923706055,36.04999923706055,387300
2004-08-12,34.599998474121094,36.849998474121094,33.79999923706055,34.400001525878906,34.400001525878906,178955
2004-08-13,34.599998474121094,36.70000076293945,33.45000076293945,33.75,33.75,259445
2004-08-16,32.75,34.95000076293945,32.75,34.849998474121094,34.849998474121094,21230
2004-08-17,35.25,35.25,34.54999923706055,34.79999923706055,34.79999923706055,22631
2004-08-18,34.04999923706055,35.20000076293945,34.04999923706055,34.25,34.25,15067
2004-08-19,34.900001525878906,34.95000076293945,34.0,34.54999923706055,34.54999923706055,12803
2004-08-20,35.900001525878906,35.900001525878906,33.099998474121094,33.79999923706055,33.79999923706055,23484
2004-08-23,33.04999923706055,34.25,33.04999923706055,33.400001525878906,33.400001525878906,27333
2004-08-24,34.5,34.5,32.650001525878906,32.75,32.75,32575
2004-08-25,32.54999923706055,33.0,32.45000076293945,32.70000076293945,32.70000076293945,35815
2004-08-26,33.150001525878906,35.900001525878906,32.70000076293945,35.150001525878906,35.150001525878906,70110
2004-08-27,35.0,36.25,34.900001525878906,35.849998474121094,35.849998474121094,48274
2004-08-30,37.0,38.099998474121094,36.95000076293945,37.599998474121094,37.599998474121094,98683
2004-08-31,37.5,37.599998474121094,36.349998474121094,36.599998474121094,36.599998474121094,33692
2004-09-01,37.0,37.70000076293945,36.29999923706055,36.650001525878906,36.650001525878906,31893
2004-09-02,35.0,37.54999923706055,35.0,36.29999923706055,36.29999923706055,45722
2004-09-03,36.0,36.650001525878906,35.95000076293945,36.20000076293945,36.20000076293945,16406
2004-09-06,34.0,37.0,34.0,36.45000076293945,36.45000076293945,21754
2004-09-07,36.900001525878906,37.0,36.150001525878906,36.25,36.25,24077
2004-09-08,36.79999923706055,39.900001525878906,36.29999923706055,39.45000076293945,39.45000076293945,127515
2004-09-09,39.599998474121094,40.400001525878906,37.54999923706055,37.79999923706055,37.79999923706055,52922
2004-09-10,38.0,40.79999923706055,37.79999923706055,39.5,39.5,131570
2004-09-13,38.900001525878906,39.5,38.0,38.099998474121094,38.099998474121094,34714
2004-09-14,39.25,39.25,37.5,37.75,37.75,18894
2004-09-15,36.0,38.849998474121094,36.0,37.400001525878906,37.400001525878906,24296
2004-09-16,37.0,37.95000076293945,37.0,37.099998474121094,37.099998474121094,67670
2004-09-17,36.75,38.0,36.75,37.25,37.25,34480
2004-09-20,39.099998474121094,39.150001525878906,36.70000076293945,37.650001525878906,37.650001525878906,80447
2004-09-21,37.150001525878906,37.849998474121094,37.150001525878906,37.400001525878906,37.400001525878906,21923
2004-09-22,37.25,38.0,36.54999923706055,37.400001525878906,37.400001525878906,33481
2004-09-23,36.349998474121094,37.29999923706055,36.349998474121094,36.75,36.75,11014
2004-09-24,36.099998474121094,36.849998474121094,35.849998474121094,36.29999923706055,36.29999923706055,48500
2004-09-27,36.0,36.849998474121094,35.54999923706055,35.70000076293945,35.70000076293945,22862
2004-09-28,35.29999923706055,36.0,34.0,34.900001525878906,34.900001525878906,37636
2004-09-29,35.900001525878906,35.900001525878906,34.5,35.5,35.5,26874
2004-09-30,35.0,36.0,34.650001525878906,34.849998474121094,34.849998474121094,39229
2004-10-01,35.95000076293945,37.0,34.5,36.5,36.5,53327
2004-10-04,37.95000076293945,39.5,37.5,38.900001525878906,38.900001525878906,157400
2004-10-05,39.5,39.900001525878906,38.5,39.20000076293945,39.20000076293945,116210
2004-10-06,39.75,42.20000076293945,39.75,40.79999923706055,40.79999923706055,147316
2004-10-07,42.45000076293945,42.5,39.5,39.95000076293945,39.95000076293945,102440
2004-10-08,40.0,43.95000076293945,38.54999923706055,43.95000076293945,43.95000076293945,365494
2004-10-11,45.70000076293945,45.900001525878906,41.04999923706055,41.45000076293945,41.45000076293945,352375
2004-10-12,42.0,42.400001525878906,40.099998474121094,40.25,40.25,142104
2004-10-14,40.0,41.70000076293945,39.400001525878906,40.599998474121094,40.599998474121094,136383
2004-10-15,40.5,41.0,39.5,39.70000076293945,39.70000076293945,75710
2004-10-18,40.29999923706055,40.900001525878906,38.5,38.70000076293945,38.70000076293945,96635
2004-10-19,38.900001525878906,39.400001525878906,38.099998474121094,38.349998474121094,38.349998474121094,54174
2004-10-20,38.45000076293945,40.79999923706055,38.45000076293945,38.75,38.75,161704
2004-10-21,39.0,41.900001525878906,38.29999923706055,40.650001525878906,40.650001525878906,162667
2004-10-22,40.650001525878906,40.650001525878906,40.650001525878906,40.650001525878906,40.650001525878906,0
2004-10-25,41.70000076293945,42.400001525878906,38.20000076293945,39.150001525878906,39.150001525878906,303391
2004-10-26,39.20000076293945,39.650001525878906,38.70000076293945,38.95000076293945,38.95000076293945,78449
2004-10-27,39.0,40.70000076293945,38.900001525878906,39.5,39.5,87831
2004-10-28,40.5,40.5,38.25,38.54999923706055,38.54999923706055,72678
2004-10-29,39.349998474121094,39.349998474121094,37.650001525878906,38.04999923706055,38.04999923706055,108189
2004-11-01,38.95000076293945,40.70000076293945,37.900001525878906,38.45000076293945,38.45000076293945,87620
2004-11-02,38.5,39.599998474121094,38.349998474121094,38.900001525878906,38.900001525878906,83140
2004-11-03,39.70000076293945,39.70000076293945,38.79999923706055,38.95000076293945,38.95000076293945,62962
2004-11-04,39.5,40.75,38.70000076293945,39.95000076293945,39.95000076293945,260017
2004-11-05,40.20000076293945,43.20000076293945,38.70000076293945,39.25,39.25,116439
2004-11-08,38.79999923706055,39.849998474121094,38.599998474121094,38.95000076293945,38.95000076293945,57420
2004-11-09,38.95000076293945,44.599998474121094,38.70000076293945,42.79999923706055,42.79999923706055,898465
2004-11-10,43.5,45.75,43.0,44.70000076293945,44.70000076293945,891063
2004-11-11,45.0,45.0,43.20000076293945,43.45000076293945,43.45000076293945,335334
2004-11-12,43.599998474121094,44.0,43.04999923706055,43.5,43.5,81414
2004-11-15,43.5,43.5,43.5,43.5,43.5,0
2004-11-16,44.400001525878906,44.95000076293945,43.5,43.79999923706055,43.79999923706055,359701
2004-11-17,44.0,44.5,43.04999923706055,43.20000076293945,43.20000076293945,146181
2004-11-18,43.25,43.5,42.0,42.54999923706055,42.54999923706055,144974
2004-11-19,42.70000076293945,45.099998474121094,42.70000076293945,43.04999923706055,43.04999923706055,306597
2004-11-22,43.0,43.5,42.150001525878906,43.20000076293945,43.20000076293945,103754
2004-11-23,44.0,44.150001525878906,42.54999923706055,42.95000076293945,42.95000076293945,86317
2004-11-24,43.150001525878906,43.70000076293945,42.54999923706055,42.70000076293945,42.70000076293945,145346
2004-11-25,44.0,45.5,43.099998474121094,43.349998474121094,43.349998474121094,275351
2004-11-26,43.349998474121094,43.349998474121094,43.349998474121094,43.349998474121094,43.349998474121094,0
2004-11-29,43.900001525878906,43.900001525878906,43.099998474121094,43.400001525878906,43.400001525878906,86006
2004-11-30,43.79999923706055,44.20000076293945,41.0,41.45000076293945,41.45000076293945,149909
2004-12-01,42.349998474121094,42.349998474121094,40.599998474121094,41.5,41.5,127273
2004-12-02,41.79999923706055,45.900001525878906,41.599998474121094,43.70000076293945,43.70000076293945,467781
2004-12-03,44.0,44.0,42.25,42.5,42.5,89105
2004-12-06,41.099998474121094,43.400001525878906,41.04999923706055,42.25,42.25,76937
2004-12-07,42.900001525878906,44.45000076293945,42.150001525878906,43.150001525878906,43.150001525878906,304315
2004-12-08,44.0,46.54999923706055,43.75,45.45000076293945,45.45000076293945,1207250
2004-12-09,46.20000076293945,48.349998474121094,45.5,46.150001525878906,46.150001525878906,894382
2004-12-10,46.599998474121094,46.95000076293945,44.75,45.0,45.0,321768
2004-12-13,45.400001525878906,45.400001525878906,43.75,44.400001525878906,44.400001525878906,241945
2004-12-14,45.099998474121094,46.0,44.150001525878906,44.75,44.75,201260
2004-12-15,45.599998474121094,45.599998474121094,43.75,43.849998474121094,43.849998474121094,121385
2004-12-16,43.849998474121094,44.79999923706055,43.54999923706055,43.650001525878906,43.650001525878906,94826
2004-12-17,44.79999923706055,44.79999923706055,42.5,42.79999923706055,42.79999923706055,139796
2004-12-20,43.599998474121094,43.599998474121094,42.25,42.349998474121094,42.349998474121094,118390
2004-12-21,43.0,43.400001525878906,42.599998474121094,42.900001525878906,42.900001525878906,77626
2004-12-22,43.400001525878906,44.25,42.5,42.79999923706055,42.79999923706055,167155
2004-12-23,43.20000076293945,43.650001525878906,42.599998474121094,42.75,42.75,69915
2004-12-24,43.79999923706055,44.5,42.79999923706055,43.150001525878906,43.150001525878906,236951
2004-12-27,44.04999923706055,44.04999923706055,42.0,42.54999923706055,42.54999923706055,161472
2004-12-28,43.25,45.5,42.150001525878906,44.150001525878906,44.150001525878906,486359
2004-12-29,44.900001525878906,46.099998474121094,43.75,44.29999923706055,44.29999923706055,385038
2004-12-30,44.5,45.0,42.75,43.150001525878906,43.150001525878906,134338
2004-12-31,43.5,44.29999923706055,43.0,43.25,43.25,102348
2005-01-03,43.849998474121094,44.79999923706055,43.5,44.150001525878906,44.150001525878906,156239
2005-01-04,44.54999923706055,47.5,44.150001525878906,46.0,46.0,718774
2005-01-05,46.0,47.95000076293945,41.599998474121094,43.29999923706055,43.29999923706055,564217
2005-01-06,43.900001525878906,44.0,41.5,41.900001525878906,41.900001525878906,233615
2005-01-07,42.70000076293945,43.400001525878906,42.0,42.400001525878906,42.400001525878906,93521
2005-01-10,43.25,44.20000076293945,42.25,42.45000076293945,42.45000076293945,121611
2005-01-11,42.79999923706055,43.20000076293945,40.849998474121094,41.04999923706055,41.04999923706055,105850
2005-01-12,41.849998474121094,41.849998474121094,38.150001525878906,38.650001525878906,38.650001525878906,84293
2005-01-13,39.0,39.900001525878906,38.599998474121094,39.54999923706055,39.54999923706055,67039
2005-01-14,39.849998474121094,42.400001525878906,39.25,40.900001525878906,40.900001525878906,202905
2005-01-17,42.400001525878906,42.400001525878906,40.75,41.150001525878906,41.150001525878906,89464
2005-01-18,41.45000076293945,41.5,40.650001525878906,41.20000076293945,41.20000076293945,66200
2005-01-19,43.79999923706055,43.79999923706055,40.75,41.0,41.0,51335
2005-01-20,40.75,41.0,39.20000076293945,39.849998474121094,39.849998474121094,60910
2005-01-24,39.54999923706055,40.0,38.20000076293945,38.5,38.5,15853
2005-01-25,38.29999923706055,38.29999923706055,36.900001525878906,37.5,37.5,113483
2005-01-27,38.25,38.400001525878906,36.0,37.599998474121094,37.599998474121094,99083
2005-01-28,38.0,38.349998474121094,37.5,37.75,37.75,57914
2005-01-31,38.25,39.900001525878906,38.0,39.45000076293945,39.45000076293945,125661
2005-02-01,39.04999923706055,41.400001525878906,38.04999923706055,40.5,40.5,226097
2005-02-02,41.5,43.5,40.599998474121094,41.5,41.5,542454
2005-02-03,42.25,42.900001525878906,40.599998474121094,40.849998474121094,40.849998474121094,148131
2005-02-04,41.5,41.5,39.5,39.79999923706055,39.79999923706055,104154
2005-02-07,40.400001525878906,40.75,39.20000076293945,39.54999923706055,39.54999923706055,52646
2005-02-08,39.45000076293945,40.5,39.0,39.20000076293945,39.20000076293945,65421
2005-02-09,39.849998474121094,42.70000076293945,39.849998474121094,40.70000076293945,40.70000076293945,166688
2005-02-10,41.75,41.75,39.79999923706055,40.20000076293945,40.20000076293945,117087
2005-02-11,40.599998474121094,40.70000076293945,39.5,39.70000076293945,39.70000076293945,82978
2005-02-14,39.900001525878906,40.349998474121094,39.20000076293945,39.5,39.5,51090
2005-02-15,39.099998474121094,39.400001525878906,38.25,38.54999923706055,38.54999923706055,68417
2005-02-16,38.20000076293945,38.95000076293945,38.20000076293945,38.29999923706055,38.29999923706055,55711
2005-02-17,38.349998474121094,38.650001525878906,37.79999923706055,38.0,38.0,49029
2005-02-18,39.099998474121094,39.099998474121094,37.25,37.5,37.5,54905
2005-02-21,37.5,38.20000076293945,37.0,37.20000076293945,37.20000076293945,42596
2005-02-22,37.95000076293945,37.95000076293945,36.599998474121094,36.79999923706055,36.79999923706055,36360
2005-02-23,37.20000076293945,37.900001525878906,36.79999923706055,37.0,37.0,66871
2005-02-24,37.400001525878906,39.70000076293945,37.150001525878906,38.349998474121094,38.349998474121094,206097
2005-02-25,38.849998474121094,38.849998474121094,37.04999923706055,37.25,37.25,52860
2005-02-28,38.900001525878906,38.900001525878906,36.150001525878906,37.20000076293945,37.20000076293945,46268
2005-03-01,37.650001525878906,37.70000076293945,36.5,36.900001525878906,36.900001525878906,24932
2005-03-02,36.849998474121094,37.95000076293945,36.400001525878906,36.75,36.75,59397
2005-03-03,37.0,39.099998474121094,36.5,38.0,38.0,119052
2005-03-04,38.5,39.0,37.5,37.650001525878906,37.650001525878906,47927
2005-03-07,38.0,40.400001525878906,36.95000076293945,39.650001525878906,39.650001525878906,343853
2005-03-08,39.650001525878906,40.5,38.75,39.349998474121094,39.349998474121094,194506
2005-03-09,40.0,40.0,37.099998474121094,37.45000076293945,37.45000076293945,53393
2005-03-10,38.0,38.75,37.599998474121094,37.75,37.75,45832
2005-03-11,38.25,39.150001525878906,37.150001525878906,38.0,38.0,85784
2005-03-14,38.0,38.95000076293945,38.0,38.54999923706055,38.54999923706055,70089
2005-03-15,37.54999923706055,39.5,37.54999923706055,39.0,39.0,113287
2005-03-16,39.0,42.099998474121094,39.0,40.599998474121094,40.599998474121094,431325
2005-03-17,43.95000076293945,43.95000076293945,40.04999923706055,40.5,40.5,160191
2005-03-18,41.0,42.0,38.150001525878906,39.099998474121094,39.099998474121094,96241
2005-03-21,38.75,39.95000076293945,37.54999923706055,37.900001525878906,37.900001525878906,42408
2005-03-22,40.0,40.0,36.0,36.29999923706055,36.29999923706055,82399
2005-03-23,38.0,38.0,35.75,35.900001525878906,35.900001525878906,51604
2005-03-24,36.95000076293945,36.95000076293945,34.5,34.79999923706055,34.79999923706055,60547
2005-03-28,34.349998474121094,36.0,34.349998474121094,34.79999923706055,34.79999923706055,35412
2005-03-29,35.5,35.5,32.75,33.79999923706055,33.79999923706055,35280
2005-03-30,34.400001525878906,34.5,33.04999923706055,33.75,33.75,20453
2005-03-31,34.29999923706055,35.5,34.20000076293945,35.099998474121094,35.099998474121094,32782
2005-04-01,35.29999923706055,37.5,35.29999923706055,36.79999923706055,36.79999923706055,23872
2005-04-04,37.099998474121094,38.45000076293945,36.0,37.099998474121094,37.099998474121094,41284
2005-04-05,37.0,38.400001525878906,37.0,37.150001525878906,37.150001525878906,43535
2005-04-06,37.95000076293945,37.95000076293945,36.75,37.25,37.25,22666
2005-04-07,37.79999923706055,37.900001525878906,36.650001525878906,36.75,36.75,18360
2005-04-08,37.0,38.0,36.29999923706055,37.25,37.25,33081
2005-04-11,37.0,38.650001525878906,37.0,37.5,37.5,100308
2005-04-12,38.400001525878906,38.400001525878906,36.79999923706055,37.04999923706055,37.04999923706055,22843
2005-04-13,37.099998474121094,37.849998474121094,36.75,37.04999923706055,37.04999923706055,17954
2005-04-15,37.5,37.5,35.150001525878906,35.29999923706055,35.29999923706055,40425
2005-04-18,34.79999923706055,36.0,34.75,35.20000076293945,35.20000076293945,24871
2005-04-19,37.25,38.400001525878906,35.5,36.650001525878906,36.650001525878906,184183
2005-04-20,37.45000076293945,37.45000076293945,35.79999923706055,36.849998474121094,36.849998474121094,97546
2005-04-21,36.79999923706055,38.349998474121094,36.25,37.650001525878906,37.650001525878906,54780
2005-04-22,38.5,41.599998474121094,37.75,40.599998474121094,40.599998474121094,237889
2005-04-25,42.0,45.0,42.0,43.29999923706055,43.29999923706055,844835
2005-04-26,44.0,45.79999923706055,43.099998474121094,45.099998474121094,45.099998474121094,663536
2005-04-27,45.5,53.849998474121094,44.20000076293945,50.650001525878906,50.650001525878906,1296224
2005-04-28,50.650001525878906,53.900001525878906,49.70000076293945,52.04999923706055,52.04999923706055,1545860
2005-04-29,50.25,52.5,47.650001525878906,48.150001525878906,48.150001525878906,143893
2005-05-02,48.650001525878906,49.0,44.54999923706055,45.45000076293945,45.45000076293945,50555
2005-05-03,45.0,46.0,44.349998474121094,44.95000076293945,44.95000076293945,42980
2005-05-04,46.0,46.0,44.150001525878906,44.95000076293945,44.95000076293945,17379
2005-05-05,45.95000076293945,48.0,44.79999923706055,47.04999923706055,47.04999923706055,68830
2005-05-06,47.95000076293945,47.95000076293945,45.75,46.75,46.75,19106
2005-05-09,47.75,48.0,45.20000076293945,46.5,46.5,25508
2005-05-10,46.0,47.0,45.5,46.150001525878906,46.150001525878906,18982
2005-05-11,47.45000076293945,48.29999923706055,45.849998474121094,47.70000076293945,47.70000076293945,35598
2005-05-12,48.0,49.599998474121094,47.0,47.349998474121094,47.349998474121094,28552
2005-05-13,49.0,49.0,46.79999923706055,47.150001525878906,47.150001525878906,24146
2005-05-16,47.25,48.20000076293945,46.0,46.599998474121094,46.599998474121094,20040
2005-05-17,46.29999923706055,46.5,45.04999923706055,45.5,45.5,7781
2005-05-18,44.5,46.400001525878906,44.5,45.599998474121094,45.599998474121094,13329
2005-05-19,47.54999923706055,47.95000076293945,46.25,46.400001525878906,46.400001525878906,31502
2005-05-20,48.0,50.0,47.0,47.79999923706055,47.79999923706055,37566
2005-05-23,49.0,49.0,47.150001525878906,47.849998474121094,47.849998474121094,20539
2005-05-24,48.70000076293945,48.70000076293945,46.5,47.20000076293945,47.20000076293945,20522
2005-05-25,48.5,48.70000076293945,46.0,46.29999923706055,46.29999923706055,10699
2005-05-26,47.25,47.25,45.0,46.150001525878906,46.150001525878906,25105
2005-05-27,47.0,47.0,44.5,45.04999923706055,45.04999923706055,10992
2005-05-30,46.0,46.0,43.5,43.900001525878906,43.900001525878906,13625
2005-05-31,44.0,44.75,43.599998474121094,44.0,44.0,12560
2005-06-01,44.25,44.75,43.900001525878906,44.25,44.25,5646
2005-06-02,43.29999923706055,44.5,42.5,43.54999923706055,43.54999923706055,27097
2005-06-03,43.95000076293945,43.95000076293945,43.099998474121094,43.25,43.25,7960
2005-06-06,44.25,45.45000076293945,43.75,44.5,44.5,29105
2005-06-07,44.04999923706055,45.45000076293945,44.04999923706055,44.900001525878906,44.900001525878906,16292
2005-06-08,44.29999923706055,46.79999923706055,44.29999923706055,46.5,46.5,22134
2005-06-09,46.25,46.599998474121094,44.849998474121094,45.150001525878906,45.150001525878906,28423
2005-06-10,46.0,46.0,44.099998474121094,44.95000076293945,44.95000076293945,7754
2005-06-13,45.099998474121094,45.099998474121094,43.25,43.70000076293945,43.70000076293945,13918
2005-06-14,45.0,45.0,43.5,44.900001525878906,44.900001525878906,18932
2005-06-15,44.95000076293945,45.0,44.0,44.45000076293945,44.45000076293945,23656
2005-06-16,44.0,44.95000076293945,43.20000076293945,43.54999923706055,43.54999923706055,7433
2005-06-17,43.04999923706055,44.45000076293945,42.0,42.29999923706055,42.29999923706055,42079
2005-06-20,42.20000076293945,44.400001525878906,41.650001525878906,41.849998474121094,41.849998474121094,10599
2005-06-21,41.599998474121094,42.20000076293945,41.04999923706055,41.5,41.5,11254
2005-06-22,42.45000076293945,42.45000076293945,41.099998474121094,41.20000076293945,41.20000076293945,11265
2005-06-23,41.95000076293945,42.79999923706055,41.04999923706055,42.150001525878906,42.150001525878906,5671
2005-06-24,41.75,42.29999923706055,41.0,41.349998474121094,41.349998474121094,7784
2005-06-27,42.45000076293945,42.45000076293945,40.900001525878906,41.0,41.0,11440
2005-06-28,43.0,44.400001525878906,42.150001525878906,42.45000076293945,42.45000076293945,39519
2005-06-29,43.599998474121094,43.599998474121094,41.75,41.849998474121094,41.849998474121094,8337
2005-06-30,41.75,42.650001525878906,41.20000076293945,41.599998474121094,41.599998474121094,14045
2005-07-01,41.54999923706055,42.099998474121094,41.150001525878906,41.95000076293945,41.95000076293945,9995
2005-07-04,41.20000076293945,42.650001525878906,41.20000076293945,42.5,42.5,10508
2005-07-05,42.900001525878906,44.150001525878906,42.900001525878906,43.79999923706055,43.79999923706055,30052
2005-07-06,44.0,48.75,44.0,48.150001525878906,48.150001525878906,101151
2005-07-07,49.45000076293945,50.5,45.04999923706055,45.5,45.5,41003
2005-07-08,46.04999923706055,47.349998474121094,45.04999923706055,45.5,45.5,37669
2005-07-11,46.0,48.849998474121094,46.0,47.150001525878906,47.150001525878906,83326
2005-07-12,46.54999923706055,48.20000076293945,45.349998474121094,45.95000076293945,45.95000076293945,44845
2005-07-13,46.79999923706055,46.900001525878906,45.29999923706055,46.25,46.25,39894
2005-07-14,46.95000076293945,47.0,45.099998474121094,45.599998474121094,45.599998474121094,36948
2005-07-15,46.900001525878906,46.95000076293945,45.5,45.849998474121094,45.849998474121094,28567
2005-07-18,52.5,55.04999923706055,52.150001525878906,55.04999923706055,55.04999923706055,516184
2005-07-19,59.20000076293945,61.900001525878906,55.0,55.29999923706055,55.29999923706055,863813
2005-07-20,56.900001525878906,66.4000015258789,55.54999923706055,63.599998474121094,63.599998474121094,3123325
2005-07-21,67.0,68.0,61.150001525878906,62.04999923706055,62.04999923706055,2058962
2005-07-22,62.79999923706055,62.79999923706055,58.099998474121094,58.54999923706055,58.54999923706055,468158
2005-07-25,58.900001525878906,59.45000076293945,55.54999923706055,56.04999923706055,56.04999923706055,323528
2005-07-26,56.400001525878906,56.400001525878906,52.04999923706055,52.650001525878906,52.650001525878906,258412
2005-07-27,52.95000076293945,56.900001525878906,51.54999923706055,54.25,54.25,381328
2005-07-28,54.25,54.25,54.25,54.25,54.25,0
2005-07-29,54.0,54.0,51.75,52.099998474121094,52.099998474121094,119713
2005-08-01,52.0,53.0,50.099998474121094,51.20000076293945,51.20000076293945,25576
2005-08-02,50.0,51.95000076293945,50.0,51.599998474121094,51.599998474121094,28673
2005-08-03,52.0,52.25,50.54999923706055,51.099998474121094,51.099998474121094,38456
2005-08-04,50.599998474121094,52.400001525878906,50.25,50.650001525878906,50.650001525878906,25835
2005-08-05,51.0,51.75,50.25,51.04999923706055,51.04999923706055,37676
2005-08-08,52.20000076293945,52.20000076293945,50.04999923706055,50.20000076293945,50.20000076293945,25046
2005-08-09,49.29999923706055,50.849998474121094,48.900001525878906,49.25,49.25,24958
2005-08-10,48.0,50.95000076293945,48.0,49.900001525878906,49.900001525878906,27117
2005-08-11,49.099998474121094,51.900001525878906,49.099998474121094,51.0,51.0,24418
2005-08-12,51.75,51.79999923706055,50.0,50.650001525878906,50.650001525878906,16956
2005-08-16,51.0,53.849998474121094,50.75,53.099998474121094,53.099998474121094,62066
2005-08-17,53.849998474121094,57.5,53.849998474121094,55.95000076293945,55.95000076293945,107791
2005-08-18,52.25,58.0,52.25,54.349998474121094,54.349998474121094,50850
2005-08-19,54.95000076293945,55.900001525878906,54.0,55.20000076293945,55.20000076293945,42998
2005-08-22,55.5,56.79999923706055,54.45000076293945,55.0,55.0,59530
2005-08-23,54.900001525878906,55.04999923706055,53.0,53.04999923706055,53.04999923706055,40578
2005-08-24,54.95000076293945,56.0,52.5,53.04999923706055,53.04999923706055,65426
2005-08-25,52.25,54.0,52.25,52.849998474121094,52.849998474121094,20839
2005-08-26,55.0,55.0,52.25,52.70000076293945,52.70000076293945,22244
2005-08-29,52.5,54.400001525878906,52.5,53.70000076293945,53.70000076293945,29570
2005-08-30,53.5,62.5,53.5,59.04999923706055,59.04999923706055,172204
2005-08-31,61.5,64.5,58.099998474121094,62.45000076293945,62.45000076293945,312644
2005-09-01,64.0,66.4000015258789,59.5,60.400001525878906,60.400001525878906,80128
2005-09-02,57.150001525878906,61.70000076293945,57.150001525878906,59.5,59.5,45087
2005-09-05,62.5,62.5,58.650001525878906,59.0,59.0,36185
2005-09-06,60.0,60.599998474121094,57.650001525878906,58.150001525878906,58.150001525878906,34328
2005-09-08,59.0,59.0,56.0,56.20000076293945,56.20000076293945,47745
2005-09-09,56.04999923706055,56.75,55.0,55.849998474121094,55.849998474121094,46718
2005-09-12,56.95000076293945,57.150001525878906,55.5,56.70000076293945,56.70000076293945,26317
2005-09-13,55.5,57.099998474121094,55.25,55.900001525878906,55.900001525878906,20071
2005-09-14,56.5,60.0,55.650001525878906,56.75,56.75,113948
2005-09-15,57.900001525878906,57.900001525878906,55.25,56.150001525878906,56.150001525878906,63667
2005-09-16,56.25,59.0,55.5,56.70000076293945,56.70000076293945,122816
2005-09-19,59.0,59.849998474121094,55.04999923706055,57.150001525878906,57.150001525878906,150623
2005-09-20,58.45000076293945,58.900001525878906,56.25,57.349998474121094,57.349998474121094,217507
2005-09-21,57.0,59.25,54.5,54.900001525878906,54.900001525878906,150450
2005-09-22,55.349998474121094,55.349998474121094,52.20000076293945,52.20000076293945,52.20000076293945,48245
2005-09-23,49.650001525878906,51.0,49.599998474121094,50.0,50.0,55375
2005-09-26,51.0,52.5,48.25,52.0,52.0,165452
2005-09-27,54.29999923706055,54.599998474121094,51.54999923706055,52.20000076293945,52.20000076293945,41431
2005-09-28,53.70000076293945,53.95000076293945,51.20000076293945,51.54999923706055,51.54999923706055,35024
2005-09-29,51.099998474121094,51.5,49.0,49.04999923706055,49.04999923706055,36245
2005-09-30,47.5,49.900001525878906,46.599998474121094,46.79999923706055,46.79999923706055,37391
2005-10-03,47.0,48.29999923706055,45.5,47.04999923706055,47.04999923706055,36510
2005-10-04,47.95000076293945,49.29999923706055,47.0,47.29999923706055,47.29999923706055,32739
2005-10-05,48.0,49.45000076293945,47.29999923706055,47.70000076293945,47.70000076293945,12421
2005-10-06,46.0,48.5,46.0,46.5,46.5,20873
2005-10-07,47.45000076293945,47.45000076293945,45.54999923706055,45.70000076293945,45.70000076293945,21233
2005-10-10,46.5,46.5,44.5,44.95000076293945,44.95000076293945,21909
2005-10-11,44.95000076293945,45.0,43.5,44.099998474121094,44.099998474121094,16113
2005-10-13,45.0,46.0,43.650001525878906,44.150001525878906,44.150001525878906,26567
2005-10-14,44.04999923706055,44.20000076293945,42.04999923706055,42.349998474121094,42.349998474121094,24781
2005-10-17,42.5,43.45000076293945,41.400001525878906,42.0,42.0,22587
2005-10-18,41.95000076293945,42.5,41.0,41.150001525878906,41.150001525878906,25030
2005-10-19,40.20000076293945,42.0,40.0,41.04999923706055,41.04999923706055,36829
2005-10-20,41.04999923706055,42.95000076293945,39.0,39.099998474121094,39.099998474121094,28257
2005-10-21,39.0,39.0,37.400001525878906,38.70000076293945,38.70000076293945,12577
2005-10-24,39.400001525878906,40.0,38.5,38.849998474121094,38.849998474121094,13425
2005-10-25,39.95000076293945,40.5,38.04999923706055,38.45000076293945,38.45000076293945,19797
2005-10-26,39.400001525878906,39.400001525878906,37.099998474121094,38.0,38.0,25124
2005-10-27,37.5,38.0,37.0,37.20000076293945,37.20000076293945,16507
2005-10-28,37.0,37.0,35.400001525878906,35.5,35.5,21673
2005-10-31,35.5,36.0,34.04999923706055,34.45000076293945,34.45000076293945,22320
2005-11-02,36.0,36.0,34.099998474121094,35.349998474121094,35.349998474121094,32308
2005-11-04,35.349998474121094,35.349998474121094,35.349998474121094,35.349998474121094,35.349998474121094,0
2005-11-07,36.0,37.150001525878906,35.900001525878906,37.150001525878906,37.150001525878906,45541
2005-11-08,37.75,39.04999923706055,37.099998474121094,38.099998474121094,38.099998474121094,47054
2005-11-09,39.0,40.04999923706055,36.650001525878906,37.650001525878906,37.650001525878906,240363
2005-11-10,37.75,39.54999923706055,37.70000076293945,39.54999923706055,39.54999923706055,11930
2005-11-11,41.5,41.54999923706055,40.75,41.54999923706055,41.54999923706055,31645
2005-11-14,42.75,42.75,39.75,40.0,40.0,34403
2005-11-16,40.0,41.29999923706055,39.0,39.150001525878906,39.150001525878906,31481
2005-11-17,39.45000076293945,40.0,38.400001525878906,38.599998474121094,38.599998474121094,24287
2005-11-18,38.5,40.54999923706055,38.099998474121094,40.54999923706055,40.54999923706055,34176
2005-11-21,42.099998474121094,42.599998474121094,41.5,42.599998474121094,42.599998474121094,74458
2005-11-22,43.849998474121094,44.75,42.20000076293945,44.04999923706055,44.04999923706055,90362
2005-11-23,44.0,44.45000076293945,42.5,42.849998474121094,42.849998474121094,21457
2005-11-24,43.400001525878906,43.400001525878906,41.650001525878906,42.20000076293945,42.20000076293945,19741
2005-11-25,42.0,43.900001525878906,41.650001525878906,42.5,42.5,18880
2005-11-28,42.5,43.29999923706055,42.0,42.04999923706055,42.04999923706055,18645
2005-11-29,41.849998474121094,42.45000076293945,41.099998474121094,42.25,42.25,27011
2005-11-30,42.70000076293945,43.0,40.150001525878906,40.400001525878906,40.400001525878906,24166
2005-12-01,41.0,41.5,39.79999923706055,40.25,40.25,27848
2005-12-02,41.0,41.70000076293945,40.29999923706055,41.20000076293945,41.20000076293945,14440
2005-12-05,40.849998474121094,42.04999923706055,40.099998474121094,40.900001525878906,40.900001525878906,10869
2005-12-06,40.0,41.0,39.20000076293945,40.650001525878906,40.650001525878906,19559
2005-12-07,40.25,40.95000076293945,39.79999923706055,40.150001525878906,40.150001525878906,13064
2005-12-08,40.900001525878906,42.150001525878906,40.099998474121094,40.79999923706055,40.79999923706055,26303
2005-12-09,41.0,41.79999923706055,40.0,40.54999923706055,40.54999923706055,14810
2005-12-12,40.5,40.70000076293945,39.45000076293945,39.54999923706055,39.54999923706055,23262
2005-12-13,41.0,41.0,39.75,39.849998474121094,39.849998474121094,9826
2005-12-14,40.0,40.25,38.900001525878906,39.400001525878906,39.400001525878906,8586
2005-12-15,39.150001525878906,40.0,38.650001525878906,39.29999923706055,39.29999923706055,7508
2005-12-16,39.0,39.75,38.54999923706055,38.70000076293945,38.70000076293945,14185
2005-12-19,39.5,40.650001525878906,39.25,39.79999923706055,39.79999923706055,33023
2005-12-20,39.75,40.0,38.599998474121094,38.75,38.75,13199
2005-12-21,39.95000076293945,39.95000076293945,38.75,38.95000076293945,38.95000076293945,9459
2005-12-22,38.95000076293945,40.150001525878906,38.25,38.599998474121094,38.599998474121094,20578
2005-12-23,39.95000076293945,39.95000076293945,37.75,38.04999923706055,38.04999923706055,21827
2005-12-26,38.5,38.95000076293945,37.20000076293945,37.5,37.5,18746
2005-12-27,37.099998474121094,38.400001525878906,36.5,37.54999923706055,37.54999923706055,31018
2005-12-28,37.650001525878906,38.400001525878906,37.650001525878906,38.0,38.0,9426
2005-12-29,38.0,39.900001525878906,37.599998474121094,39.900001525878906,39.900001525878906,55919
2005-12-30,41.75,41.75,39.79999923706055,40.79999923706055,40.79999923706055,41491
2006-01-02,42.5,42.70000076293945,39.04999923706055,40.0,40.0,18925
2006-01-03,39.70000076293945,40.5,39.099998474121094,40.04999923706055,40.04999923706055,31793
2006-01-04,41.0,41.0,39.70000076293945,39.79999923706055,39.79999923706055,19271
2006-01-05,39.900001525878906,41.75,39.900001525878906,40.150001525878906,40.150001525878906,38183
2006-01-06,41.45000076293945,41.5,39.599998474121094,39.95000076293945,39.95000076293945,20597
2006-01-09,39.79999923706055,40.25,39.0,39.25,39.25,24314
2006-01-10,39.79999923706055,40.349998474121094,39.20000076293945,39.70000076293945,39.70000076293945,18958
2006-01-12,39.599998474121094,39.900001525878906,38.79999923706055,39.150001525878906,39.150001525878906,15231
2006-01-13,39.70000076293945,39.79999923706055,38.849998474121094,39.0,39.0,12102
2006-01-16,38.75,39.20000076293945,38.20000076293945,38.349998474121094,38.349998474121094,13961
2006-01-17,39.95000076293945,40.0,37.5,37.95000076293945,37.95000076293945,23121
2006-01-18,38.45000076293945,38.70000076293945,37.150001525878906,38.0,38.0,18061
2006-01-19,38.099998474121094,39.0,38.0,38.29999923706055,38.29999923706055,14378
2006-01-20,38.04999923706055,39.20000076293945,38.0,38.95000076293945,38.95000076293945,18220
2006-01-23,38.0,39.0,37.599998474121094,38.349998474121094,38.349998474121094,8538
2006-01-24,39.650001525878906,39.70000076293945,37.29999923706055,37.599998474121094,37.599998474121094,20891
2006-01-25,39.25,39.25,37.45000076293945,37.95000076293945,37.95000076293945,25931
2006-01-27,38.75,39.849998474121094,38.75,39.849998474121094,39.849998474121094,51147
2006-01-30,41.45000076293945,41.599998474121094,38.599998474121094,40.20000076293945,40.20000076293945,38593
2006-01-31,40.04999923706055,40.400001525878906,38.5,38.599998474121094,38.599998474121094,9576
2006-02-01,39.0,39.45000076293945,37.5,37.599998474121094,37.599998474121094,19730
2006-02-02,37.79999923706055,39.5,37.099998474121094,37.599998474121094,37.599998474121094,24802
2006-02-03,39.150001525878906,39.150001525878906,37.0,37.150001525878906,37.150001525878906,10523
2006-02-06,37.45000076293945,39.04999923706055,37.400001525878906,38.04999923706055,38.04999923706055,9674
2006-02-07,37.20000076293945,38.849998474121094,37.0,37.5,37.5,15562
2006-02-08,38.0,39.0,37.29999923706055,37.45000076293945,37.45000076293945,26129
2006-02-10,36.5,38.650001525878906,36.5,38.349998474121094,38.349998474121094,17042
2006-02-13,39.900001525878906,40.0,38.0,38.45000076293945,38.45000076293945,37024
2006-02-14,38.0,38.75,37.04999923706055,37.849998474121094,37.849998474121094,40827
2006-02-15,38.349998474121094,38.849998474121094,37.650001525878906,38.400001525878906,38.400001525878906,22033
2006-02-16,38.54999923706055,39.5,38.0,38.54999923706055,38.54999923706055,38090
2006-02-17,38.099998474121094,40.5,38.099998474121094,38.650001525878906,38.650001525878906,33828
2006-02-20,38.900001525878906,38.900001525878906,37.5,38.099998474121094,38.099998474121094,12444
2006-02-21,38.400001525878906,38.900001525878906,37.5,38.349998474121094,38.349998474121094,16922
2006-02-22,37.5,38.900001525878906,37.29999923706055,37.54999923706055,37.54999923706055,15100
2006-02-23,37.29999923706055,38.04999923706055,36.5,36.849998474121094,36.849998474121094,8465
2006-02-24,36.5,37.20000076293945,36.349998474121094,36.70000076293945,36.70000076293945,17526
2006-02-27,37.900001525878906,38.0,36.54999923706055,36.75,36.75,12632
2006-02-28,36.900001525878906,37.0,36.20000076293945,36.650001525878906,36.650001525878906,9471
2006-03-01,36.099998474121094,36.849998474121094,36.099998474121094,36.5,36.5,8824
2006-03-02,36.150001525878906,36.900001525878906,36.0,36.150001525878906,36.150001525878906,15452
2006-03-03,36.099998474121094,36.79999923706055,35.25,35.75,35.75,10249
2006-03-06,35.099998474121094,36.5,35.0,36.0,36.0,20474
2006-03-07,36.5,36.5,34.5,35.599998474121094,35.599998474121094,51922
2006-03-08,36.5,36.5,34.25,34.599998474121094,34.599998474121094,22390
2006-03-09,35.099998474121094,35.349998474121094,34.5,34.5,34.5,10937
2006-03-10,35.599998474121094,35.75,33.5,33.900001525878906,33.900001525878906,36480
2006-03-13,35.599998474121094,35.599998474121094,35.599998474121094,35.599998474121094,35.599998474121094,5484
2006-03-14,37.400001525878906,37.400001525878906,37.400001525878906,37.400001525878906,37.400001525878906,9622
2006-03-16,39.0,39.29999923706055,37.0,37.45000076293945,37.45000076293945,54117
2006-03-17,37.20000076293945,37.95000076293945,36.150001525878906,36.900001525878906,36.900001525878906,21815
2006-03-20,37.099998474121094,37.650001525878906,36.0,36.099998474121094,36.099998474121094,15818
2006-03-21,35.5,36.400001525878906,34.400001525878906,34.599998474121094,34.599998474121094,20547
2006-03-22,33.849998474121094,34.95000076293945,33.849998474121094,34.599998474121094,34.599998474121094,14638
2006-03-23,35.0,35.0,33.849998474121094,34.150001525878906,34.150001525878906,16098
2006-03-24,35.0,35.0,33.25,33.70000076293945,33.70000076293945,22600
2006-03-27,34.400001525878906,34.95000076293945,34.0,34.45000076293945,34.45000076293945,28618
2006-03-28,34.599998474121094,34.900001525878906,33.349998474121094,33.849998474121094,33.849998474121094,30813
2006-03-29,34.5,35.54999923706055,33.54999923706055,34.29999923706055,34.29999923706055,36443
2006-03-30,35.0,35.95000076293945,35.0,35.75,35.75,25630
2006-03-31,35.75,36.95000076293945,35.70000076293945,36.04999923706055,36.04999923706055,17576
2006-04-03,36.5,37.849998474121094,36.29999923706055,37.849998474121094,37.849998474121094,24212
2006-04-04,38.5,39.20000076293945,36.900001525878906,37.0,37.0,110778
2006-04-05,37.0,37.849998474121094,36.20000076293945,37.0,37.0,56451
2006-04-07,37.400001525878906,38.45000076293945,36.5,36.54999923706055,36.54999923706055,32421
2006-04-10,37.45000076293945,37.45000076293945,36.5,36.79999923706055,36.79999923706055,8073
2006-04-12,35.54999923706055,38.0,35.54999923706055,36.20000076293945,36.20000076293945,23190
2006-04-13,36.0,36.75,35.29999923706055,35.79999923706055,35.79999923706055,12186
2006-04-17,35.400001525878906,36.5,34.75,34.95000076293945,34.95000076293945,19469
2006-04-18,35.5,35.70000076293945,34.599998474121094,35.25,35.25,44267
2006-04-19,35.04999923706055,35.849998474121094,35.04999923706055,35.45000076293945,35.45000076293945,16565
2006-04-20,36.0,36.0,34.5,35.70000076293945,35.70000076293945,8894
2006-04-21,36.0,37.0,35.150001525878906,35.79999923706055,35.79999923706055,29284
2006-04-24,35.5,36.5,35.29999923706055,35.79999923706055,35.79999923706055,13772
2006-04-25,36.0,36.45000076293945,35.04999923706055,35.25,35.25,14341
2006-04-26,36.0,36.400001525878906,35.25,35.45000076293945,35.45000076293945,14347
2006-04-27,36.400001525878906,36.5,33.70000076293945,35.70000076293945,35.70000076293945,25016
2006-04-28,34.04999923706055,35.849998474121094,34.04999923706055,35.04999923706055,35.04999923706055,12664
2006-05-02,34.650001525878906,36.400001525878906,34.599998474121094,35.5,35.5,23055
2006-05-03,36.0,37.25,34.900001525878906,36.900001525878906,36.900001525878906,36959
2006-05-04,37.900001525878906,38.75,37.5,38.75,38.75,36443
2006-05-05,40.25,40.70000076293945,40.20000076293945,40.70000076293945,40.70000076293945,64232
2006-05-08,42.75,42.75,41.0,41.70000076293945,41.70000076293945,113872
2006-05-09,42.75,43.20000076293945,39.70000076293945,41.20000076293945,41.20000076293945,42425
2006-05-10,41.0,42.5,40.95000076293945,41.150001525878906,41.150001525878906,30442
2006-05-11,42.400001525878906,42.45000076293945,40.20000076293945,41.20000076293945,41.20000076293945,34186
2006-05-12,41.54999923706055,41.54999923706055,40.0,40.099998474121094,40.099998474121094,16328
2006-05-15,38.29999923706055,42.0,38.099998474121094,38.150001525878906,38.150001525878906,44365
2006-05-16,38.099998474121094,38.75,36.25,36.25,36.25,32068
2006-05-17,37.79999923706055,38.099998474121094,37.400001525878906,38.099998474121094,38.099998474121094,10265
2006-05-18,39.099998474121094,39.900001525878906,36.20000076293945,36.650001525878906,36.650001525878906,53200
2006-05-19,36.79999923706055,38.5,35.04999923706055,35.29999923706055,35.29999923706055,47950
2006-05-22,36.0,36.0,33.54999923706055,33.54999923706055,33.54999923706055,36485
2006-05-23,31.899999618530273,33.5,31.899999618530273,32.849998474121094,32.849998474121094,27571
2006-05-24,33.099998474121094,34.5,32.5,34.0,34.0,25484
2006-05-25,34.25,35.70000076293945,32.70000076293945,35.70000076293945,35.70000076293945,23670
2006-05-26,37.150001525878906,37.5,36.0,37.5,37.5,48242
2006-05-29,39.0,39.400001525878906,39.0,39.400001525878906,39.400001525878906,66857
2006-05-30,41.400001525878906,41.400001525878906,40.0,41.400001525878906,41.400001525878906,35258
2006-05-31,43.45000076293945,43.5,39.349998474121094,43.5,43.5,163676
2006-06-01,44.95000076293945,45.70000076293945,44.95000076293945,45.70000076293945,45.70000076293945,72642
2006-06-02,47.650001525878906,48.0,43.5,47.04999923706055,47.04999923706055,185526
2006-06-05,47.0,48.5,44.70000076293945,46.29999923706055,46.29999923706055,68058
2006-06-06,46.0,46.0,44.0,44.099998474121094,44.099998474121094,39684
2006-06-07,42.20000076293945,43.0,41.900001525878906,41.900001525878906,41.900001525878906,37009
2006-06-08,39.79999923706055,40.29999923706055,39.79999923706055,39.79999923706055,39.79999923706055,136615
2006-06-09,37.849998474121094,41.79999923706055,37.849998474121094,41.79999923706055,41.79999923706055,39554
2006-06-12,41.0,42.25,39.75,39.75,39.75,24605
2006-06-13,39.0,39.0,37.79999923706055,37.79999923706055,37.79999923706055,3005
2006-06-14,38.0,39.0,36.0,36.5,36.5,32537
2006-06-15,34.70000076293945,38.349998474121094,34.70000076293945,38.349998474121094,38.349998474121094,17416
2006-06-16,40.0,40.29999923706055,38.349998474121094,38.900001525878906,38.900001525878906,29669
2006-06-19,39.0,40.5,38.099998474121094,40.099998474121094,40.099998474121094,11525
2006-06-20,38.5,41.5,38.400001525878906,40.04999923706055,40.04999923706055,33659
2006-06-21,41.0,42.04999923706055,40.0,42.04999923706055,42.04999923706055,22510
2006-06-22,42.5,44.150001525878906,42.0,43.95000076293945,43.95000076293945,48824
2006-06-23,41.79999923706055,44.0,41.79999923706055,42.95000076293945,42.95000076293945,13723
2006-06-26,41.150001525878906,42.75,40.650001525878906,40.650001525878906,40.650001525878906,7952
2006-06-27,39.5,42.70000076293945,38.650001525878906,38.650001525878906,38.650001525878906,17925
2006-06-28,38.0,40.0,37.79999923706055,39.29999923706055,39.29999923706055,6503
2006-06-29,41.25,41.25,39.0,39.099998474121094,39.099998474121094,6724
2006-06-30,40.79999923706055,40.79999923706055,39.25,39.25,39.25,6252
2006-07-03,40.0,40.0,37.70000076293945,38.0,38.0,5870
2006-07-04,38.900001525878906,38.900001525878906,37.54999923706055,37.79999923706055,37.79999923706055,4955
2006-07-05,39.0,39.70000076293945,38.0,39.70000076293945,39.70000076293945,6088
2006-07-06,40.900001525878906,41.0,39.04999923706055,39.900001525878906,39.900001525878906,26065
2006-07-07,39.900001525878906,40.5,37.900001525878906,37.95000076293945,37.95000076293945,18241
2006-07-10,37.900001525878906,38.29999923706055,37.0,37.5,37.5,11849
2006-07-11,36.75,38.0,36.650001525878906,37.599998474121094,37.599998474121094,4046
2006-07-12,36.45000076293945,38.0,36.45000076293945,37.20000076293945,37.20000076293945,6379
2006-07-13,37.150001525878906,37.70000076293945,36.150001525878906,36.599998474121094,36.599998474121094,12136
2006-07-14,38.45000076293945,38.45000076293945,36.0,36.599998474121094,36.599998474121094,3359
2006-07-17,35.0,37.75,35.0,36.099998474121094,36.099998474121094,3754
2006-07-18,36.099998474121094,36.5,35.04999923706055,35.75,35.75,3702
2006-07-19,36.5,36.5,34.0,34.150001525878906,34.150001525878906,14271
2006-07-20,34.20000076293945,34.79999923706055,33.150001525878906,33.599998474121094,33.599998474121094,14813
2006-07-21,34.25,34.5,32.75,33.0,33.0,7624
2006-07-24,33.0,34.0,31.5,32.5,32.5,5289
2006-07-25,32.5,34.0,32.04999923706055,33.25,33.25,4960
2006-07-26,34.45000076293945,34.45000076293945,34.0,34.099998474121094,34.099998474121094,3627
2006-07-27,34.0,34.79999923706055,34.0,34.25,34.25,2835
2006-07-28,34.5,34.5,33.20000076293945,33.29999923706055,33.29999923706055,4609
2006-07-31,34.95000076293945,35.0,33.79999923706055,34.04999923706055,34.04999923706055,4050
2006-08-01,34.900001525878906,34.900001525878906,33.29999923706055,33.54999923706055,33.54999923706055,2766
2006-08-02,33.5,35.25,33.5,35.25,35.25,13726
2006-08-03,36.5,36.5,35.5,35.75,35.75,9265
2006-08-04,34.5,35.849998474121094,34.29999923706055,34.45000076293945,34.45000076293945,6526
2006-08-07,34.099998474121094,35.0,33.25,33.75,33.75,2817
2006-08-08,34.849998474121094,34.849998474121094,33.45000076293945,34.400001525878906,34.400001525878906,4736
2006-08-09,33.849998474121094,35.099998474121094,33.849998474121094,34.349998474121094,34.349998474121094,14683
2006-08-10,35.75,36.04999923706055,35.150001525878906,35.650001525878906,35.650001525878906,6255
2006-08-11,36.0,36.0,35.29999923706055,35.45000076293945,35.45000076293945,8895
2006-08-14,36.95000076293945,37.0,35.54999923706055,36.5,36.5,9235
2006-08-16,36.5,37.650001525878906,36.5,36.70000076293945,36.70000076293945,12791
2006-08-17,36.099998474121094,36.70000076293945,36.0,36.04999923706055,36.04999923706055,7642
2006-08-18,36.0,36.5,35.5,35.79999923706055,35.79999923706055,7204
2006-08-21,36.95000076293945,37.0,36.0,36.04999923706055,36.04999923706055,5475
2006-08-22,35.650001525878906,36.900001525878906,35.650001525878906,35.849998474121094,35.849998474121094,4254
2006-08-23,35.25,36.099998474121094,35.25,35.75,35.75,4735
2006-08-24,35.0,36.400001525878906,34.900001525878906,35.849998474121094,35.849998474121094,17724
2006-08-25,35.0,37.0,35.0,36.29999923706055,36.29999923706055,10890
2006-08-28,36.70000076293945,37.20000076293945,36.54999923706055,36.849998474121094,36.849998474121094,13884
2006-08-29,36.849998474121094,37.099998474121094,35.75,36.400001525878906,36.400001525878906,17505
2006-08-30,35.54999923706055,36.400001525878906,35.5,35.79999923706055,35.79999923706055,16363
2006-08-31,35.650001525878906,35.900001525878906,35.20000076293945,35.29999923706055,35.29999923706055,6900
2006-09-01,35.20000076293945,35.650001525878906,34.79999923706055,35.04999923706055,35.04999923706055,16043
2006-09-04,35.95000076293945,36.25,34.599998474121094,34.95000076293945,34.95000076293945,11131
2006-09-05,35.0,36.70000076293945,35.0,36.70000076293945,36.70000076293945,21392
2006-09-06,36.70000076293945,38.54999923706055,36.70000076293945,38.54999923706055,38.54999923706055,31936
2006-09-07,39.95000076293945,39.95000076293945,38.5,38.54999923706055,38.54999923706055,36275
2006-09-08,39.54999923706055,39.54999923706055,38.29999923706055,38.650001525878906,38.650001525878906,20591
2006-09-11,38.5,39.25,38.5,38.54999923706055,38.54999923706055,32982
2006-09-12,38.5,39.349998474121094,38.150001525878906,38.900001525878906,38.900001525878906,19424
2006-09-13,38.75,40.849998474121094,38.75,40.849998474121094,40.849998474121094,24155
2006-09-14,41.5,41.79999923706055,39.150001525878906,39.29999923706055,39.29999923706055,30151
2006-09-15,38.79999923706055,39.0,38.5,38.54999923706055,38.54999923706055,10091
2006-09-18,37.5,39.5,37.5,38.79999923706055,38.79999923706055,20500
2006-09-19,38.5,39.349998474121094,38.5,38.5,38.5,18069
2006-09-20,38.599998474121094,38.95000076293945,38.25,38.5,38.5,11843
2006-09-21,38.599998474121094,39.400001525878906,38.400001525878906,38.54999923706055,38.54999923706055,49303
2006-09-22,38.5,38.900001525878906,38.5,38.54999923706055,38.54999923706055,6420
2006-09-25,38.5,38.70000076293945,37.54999923706055,37.599998474121094,37.599998474121094,9796
2006-09-26,37.70000076293945,38.45000076293945,37.04999923706055,37.400001525878906,37.400001525878906,10587
2006-09-27,37.04999923706055,41.0,37.04999923706055,40.29999923706055,40.29999923706055,57729
2006-09-28,40.900001525878906,42.29999923706055,40.25,40.599998474121094,40.599998474121094,42371
2006-09-29,41.0,42.0,40.0,41.099998474121094,41.099998474121094,30165
2006-10-03,40.5,41.79999923706055,40.5,41.599998474121094,41.599998474121094,18828
2006-10-04,41.25,41.599998474121094,40.0,40.599998474121094,40.599998474121094,6795
2006-10-05,40.25,41.599998474121094,40.25,41.0,41.0,8086
2006-10-06,40.79999923706055,41.0,39.54999923706055,40.04999923706055,40.04999923706055,33428
2006-10-09,41.0,44.099998474121094,41.0,44.099998474121094,44.099998474121094,53856
2006-10-10,45.0,48.54999923706055,45.0,48.54999923706055,48.54999923706055,69475
2006-10-11,53.45000076293945,53.45000076293945,49.5,53.400001525878906,53.400001525878906,531646
2006-10-12,53.45000076293945,56.099998474121094,52.650001525878906,54.70000076293945,54.70000076293945,368872
2006-10-13,55.70000076293945,55.70000076293945,52.0,52.650001525878906,52.650001525878906,149459
2006-10-16,52.5,55.29999923706055,51.099998474121094,55.29999923706055,55.29999923706055,119141
2006-10-17,55.5,58.099998474121094,55.5,58.099998474121094,58.099998474121094,251461
2006-10-18,58.5,61.04999923706055,58.25,61.04999923706055,61.04999923706055,117785
2006-10-19,62.0,64.0999984741211,58.0,58.0,58.0,192812
2006-10-20,58.5,58.5,55.099998474121094,55.79999923706055,55.79999923706055,27005
2006-10-23,59.25,61.54999923706055,59.25,61.54999923706055,61.54999923706055,39199
2006-10-26,64.6500015258789,64.6500015258789,62.0,63.04999923706055,63.04999923706055,106905
2006-10-27,63.75,64.5,61.5,61.70000076293945,61.70000076293945,60693
2006-10-30,63.0,63.900001525878906,59.29999923706055,60.5,60.5,23248
2006-10-31,60.5,62.400001525878906,58.099998474121094,59.150001525878906,59.150001525878906,26068
2006-11-01,59.349998474121094,61.0,58.5,59.0,59.0,15223
2006-11-02,59.0,60.0,57.5,58.0,58.0,27834
2006-11-03,58.79999923706055,58.79999923706055,56.0,56.349998474121094,56.349998474121094,23063
2006-11-06,56.5,59.20000076293945,56.5,59.20000076293945,59.20000076293945,17870
2006-11-07,61.0,62.20000076293945,59.79999923706055,59.95000076293945,59.95000076293945,95907
2006-11-08,58.25,60.75,56.95000076293945,56.95000076293945,56.95000076293945,17220
2006-11-09,57.5,59.79999923706055,57.5,59.79999923706055,59.79999923706055,13412
2006-11-10,61.5,62.79999923706055,60.599998474121094,61.099998474121094,61.099998474121094,70247
2006-11-13,59.0,63.25,59.0,60.349998474121094,60.349998474121094,19584
2006-11-14,59.70000076293945,61.0,58.04999923706055,58.79999923706055,58.79999923706055,13882
2006-11-15,59.0,60.0,56.5,56.849998474121094,56.849998474121094,11555
2006-11-16,58.75,59.70000076293945,56.5,58.29999923706055,58.29999923706055,64536
2006-11-17,58.0,58.0,55.400001525878906,55.54999923706055,55.54999923706055,17291
2006-11-20,56.0,56.0,52.79999923706055,55.849998474121094,55.849998474121094,11088
2006-11-21,57.5,58.650001525878906,57.0,58.650001525878906,58.650001525878906,17307
2006-11-22,61.599998474121094,61.599998474121094,60.5,61.599998474121094,61.599998474121094,79702
2006-11-23,63.900001525878906,64.69999694824219,61.04999923706055,63.900001525878906,63.900001525878906,88367
2006-11-24,62.5,67.0999984741211,61.79999923706055,67.0999984741211,67.0999984741211,101071
2006-11-27,70.4000015258789,70.5,66.0999984741211,70.44999694824219,70.44999694824219,328965
2006-11-28,69.0,74.0,67.0,71.1500015258789,71.1500015258789,222381
2006-11-29,71.55000305175781,73.19999694824219,69.55000305175781,70.4000015258789,70.4000015258789,104366
2006-11-30,70.5,71.94999694824219,66.9000015258789,67.8499984741211,67.8499984741211,76514
2006-12-01,68.69999694824219,71.25,68.1500015258789,71.25,71.25,76487
2006-12-04,74.8499984741211,74.8499984741211,72.0,74.8499984741211,74.8499984741211,204350
2006-12-05,78.5999984741211,78.5999984741211,74.9000015258789,75.75,75.75,171611
2006-12-06,76.80000305175781,78.8499984741211,72.0,72.5,72.5,113611
2006-12-07,73.0,75.94999694824219,70.0,75.0,75.0,123926
2006-12-08,75.6500015258789,75.6500015258789,71.25,71.30000305175781,71.30000305175781,116136
2006-12-11,72.0,72.80000305175781,68.0,68.5999984741211,68.5999984741211,83386
2006-12-12,68.0,71.75,62.04999923706055,64.5,64.5,85297
2006-12-13,64.0999984741211,68.0,61.25,65.5999984741211,65.5999984741211,61362
2006-12-14,66.5,72.19999694824219,66.5,72.19999694824219,72.19999694824219,67127
2006-12-15,79.44999694824219,79.44999694824219,77.5,79.44999694824219,79.44999694824219,72363
2006-12-18,86.0,87.4000015258789,78.0,86.75,86.75,474060
2006-12-19,89.94999694824219,91.0999984741211,85.5,88.69999694824219,88.69999694824219,965222
2006-12-20,89.69999694824219,90.5,84.30000305175781,85.0,85.0,279976
2006-12-21,82.05000305175781,89.25,81.0999984741211,88.5,88.5,220868
2006-12-22,90.05000305175781,92.94999694824219,88.80000305175781,92.94999694824219,92.94999694824219,283271
2006-12-26,95.0,97.5999984741211,95.0,97.5999984741211,97.5999984741211,168648
2006-12-27,99.0,102.0,95.0,95.5,95.5,325886
2006-12-28,97.4000015258789,99.80000305175781,93.0,96.5,96.5,224121
2006-12-29,97.30000305175781,99.5999984741211,93.5,94.5999984741211,94.5999984741211,103945
2007-01-02,96.9000015258789,96.9000015258789,90.25,91.75,91.75,26552
2007-01-03,91.0999984741211,93.0,87.19999694824219,92.1500015258789,92.1500015258789,39387
2007-01-04,92.5,93.25,87.55000305175781,88.0,88.0,40360
2007-01-05,90.0,90.80000305175781,84.0,84.8499984741211,84.8499984741211,33940
2007-01-08,85.0,89.0999984741211,83.25,88.94999694824219,88.94999694824219,40552
2007-01-09,93.4000015258789,93.4000015258789,84.75,86.55000305175781,86.55000305175781,25885
2007-01-10,89.0,89.0,85.0,86.05000305175781,86.05000305175781,14471
2007-01-11,84.19999694824219,89.94999694824219,84.19999694824219,88.5,88.5,25049
2007-01-12,89.94999694824219,91.0,86.0,87.55000305175781,87.55000305175781,32145
2007-01-15,88.30000305175781,89.4000015258789,85.8499984741211,86.30000305175781,86.30000305175781,19166
2007-01-16,87.0,90.6500015258789,86.0,90.6500015258789,90.6500015258789,18621
2007-01-17,93.8499984741211,95.19999694824219,91.4000015258789,95.0,95.0,49767
2007-01-18,97.0,99.5,91.0,93.0,93.0,44126
2007-01-19,93.30000305175781,93.30000305175781,90.0,90.8499984741211,90.8499984741211,19717
2007-01-22,91.0,92.5,88.0,89.6500015258789,89.6500015258789,12744
2007-01-23,88.0,89.69999694824219,87.0,87.5999984741211,87.5999984741211,7657
2007-01-24,91.0,91.0,85.6500015258789,86.80000305175781,86.80000305175781,15334
2007-01-25,87.0,88.5999984741211,85.5999984741211,87.05000305175781,87.05000305175781,13639
2007-01-29,86.69999694824219,88.8499984741211,86.0999984741211,87.6500015258789,87.6500015258789,10620
2007-01-31,89.94999694824219,89.94999694824219,86.0,88.5,88.5,25022
2007-02-01,88.0,90.0,86.0,86.3499984741211,86.3499984741211,9730
2007-02-02,89.9000015258789,89.9000015258789,82.0999984741211,85.94999694824219,85.94999694824219,12757
2007-02-05,83.0,87.5,82.5,85.94999694824219,85.94999694824219,9057
2007-02-06,82.0,90.25,82.0,85.94999694824219,85.94999694824219,289638
2007-02-07,87.69999694824219,90.25,86.0,90.25,90.25,321895
2007-02-08,94.80000305175781,94.80000305175781,92.0,94.80000305175781,94.80000305175781,1030761
2007-02-09,99.55000305175781,99.55000305175781,99.0,99.55000305175781,99.55000305175781,143233
2007-02-12,102.0,104.0,94.5999984741211,94.5999984741211,94.5999984741211,61357
2007-02-13,93.9000015258789,97.25,89.9000015258789,89.9000015258789,89.9000015258789,72012
2007-02-14,85.44999694824219,85.44999694824219,85.4000015258789,85.4000015258789,85.4000015258789,62038
2007-02-15,83.5,89.69999694824219,83.5,89.44999694824219,89.44999694824219,56304
2007-02-19,90.25,93.75,86.3499984741211,87.69999694824219,87.69999694824219,25823
2007-02-20,90.5,90.5,84.80000305175781,85.1500015258789,85.1500015258789,26046
2007-02-21,85.0999984741211,87.0,82.55000305175781,85.3499984741211,85.3499984741211,31795
2007-02-22,86.94999694824219,87.0,81.0999984741211,82.0999984741211,82.0999984741211,22092
2007-02-23,81.0,81.0,78.0,78.0,78.0,12742
2007-02-26,75.0,77.0,74.0999984741211,74.0999984741211,74.0999984741211,17698
2007-02-27,77.0,77.0,70.4000015258789,70.69999694824219,70.69999694824219,30417
2007-02-28,67.19999694824219,73.94999694824219,67.19999694824219,67.4000015258789,67.4000015258789,33608
2007-03-01,67.5,70.80000305175781,64.05000305175781,68.80000305175781,68.80000305175781,86964
2007-03-02,69.80000305175781,72.25,66.5,69.1500015258789,69.1500015258789,55539
2007-03-05,66.0,66.5,65.69999694824219,65.69999694824219,65.69999694824219,18174
2007-03-06,63.099998474121094,67.94999694824219,62.45000076293945,63.400001525878906,63.400001525878906,41368
2007-03-07,65.8499984741211,66.5999984741211,60.25,64.30000305175781,64.30000305175781,103499
2007-03-08,65.0,65.5,61.400001525878906,64.75,64.75,18344
2007-03-09,65.0,66.9000015258789,61.75,62.20000076293945,62.20000076293945,117739
2007-03-12,62.5,64.0,60.20000076293945,61.099998474121094,61.099998474121094,18389
2007-03-13,60.349998474121094,63.25,60.349998474121094,62.29999923706055,62.29999923706055,21972
2007-03-14,61.0,61.0,59.20000076293945,59.349998474121094,59.349998474121094,14568
2007-03-15,60.849998474121094,61.75,56.400001525878906,56.900001525878906,56.900001525878906,37572
2007-03-16,57.95000076293945,57.95000076293945,54.04999923706055,55.25,55.25,20155
2007-03-19,56.0,58.04999923706055,54.5,57.900001525878906,57.900001525878906,10368
2007-03-20,60.0,60.79999923706055,59.599998474121094,60.650001525878906,60.650001525878906,111609
2007-03-21,62.5,62.5,58.099998474121094,59.400001525878906,59.400001525878906,25170
2007-03-22,60.0,61.79999923706055,58.5,58.849998474121094,58.849998474121094,73733
2007-03-23,59.75,60.5,56.5,57.75,57.75,23501
2007-03-26,56.900001525878906,59.45000076293945,54.900001525878906,55.349998474121094,55.349998474121094,48818
2007-03-28,53.099998474121094,54.849998474121094,52.599998474121094,53.150001525878906,53.150001525878906,37841
2007-03-29,53.54999923706055,55.849998474121094,53.54999923706055,55.849998474121094,55.849998474121094,12629
2007-03-30,58.599998474121094,58.650001525878906,56.5,58.650001525878906,58.650001525878906,16209
2007-04-02,58.75,58.75,55.75,56.04999923706055,56.04999923706055,21937
2007-04-03,57.79999923706055,57.79999923706055,54.099998474121094,54.400001525878906,54.400001525878906,20083
2007-04-04,55.900001525878906,57.0,55.54999923706055,56.25,56.25,22926
2007-04-05,57.0,57.0,55.0,55.79999923706055,55.79999923706055,11429
2007-04-09,58.29999923706055,58.599998474121094,55.04999923706055,58.5,58.5,32626
2007-04-10,60.0,62.5,57.20000076293945,59.25,59.25,106193
2007-04-11,61.5,65.19999694824219,60.0,65.19999694824219,65.19999694824219,83672
2007-04-12,66.0,69.9000015258789,64.25,66.6500015258789,66.6500015258789,113029
2007-04-13,67.69999694824219,70.5,66.05000305175781,68.55000305175781,68.55000305175781,48897
2007-04-16,69.19999694824219,70.5,66.0,66.5999984741211,66.5999984741211,34948
2007-04-17,66.1500015258789,66.1500015258789,63.29999923706055,63.349998474121094,63.349998474121094,63463
2007-04-18,63.29999923706055,64.0,61.20000076293945,61.849998474121094,61.849998474121094,41471
2007-04-19,61.95000076293945,64.94999694824219,61.95000076293945,64.94999694824219,64.94999694824219,71217
2007-04-20,67.0,68.19999694824219,65.5999984741211,68.19999694824219,68.19999694824219,148014
2007-04-23,70.0,70.69999694824219,65.05000305175781,66.19999694824219,66.19999694824219,48133
2007-04-24,66.4000015258789,68.25,65.19999694824219,67.5,67.5,42353
2007-04-25,67.94999694824219,68.0,65.55000305175781,66.69999694824219,66.69999694824219,69863
2007-04-26,67.94999694824219,68.0,64.0,64.9000015258789,64.9000015258789,18561
2007-04-27,64.19999694824219,66.0,62.0,62.400001525878906,62.400001525878906,26686
2007-04-30,63.900001525878906,63.900001525878906,61.25,61.95000076293945,61.95000076293945,16592
2007-05-03,62.5,65.0,62.5,63.0,63.0,17242
2007-05-04,64.9000015258789,66.1500015258789,62.75,66.1500015258789,66.1500015258789,26874
2007-05-07,69.0,69.5,65.25,66.0,66.0,84161
2007-05-08,68.9000015258789,69.30000305175781,67.05000305175781,67.69999694824219,67.69999694824219,147439
2007-05-09,68.44999694824219,68.44999694824219,65.19999694824219,67.8499984741211,67.8499984741211,46308
2007-05-10,68.5,70.75,65.25,65.69999694824219,65.69999694824219,37593
2007-05-11,63.29999923706055,67.0,63.29999923706055,65.3499984741211,65.3499984741211,41787
2007-05-14,67.8499984741211,67.8499984741211,64.5,65.6500015258789,65.6500015258789,14437
2007-05-15,66.75,66.75,63.5,65.3499984741211,65.3499984741211,53959
2007-05-16,65.55000305175781,66.6500015258789,65.05000305175781,66.19999694824219,66.19999694824219,19895
2007-05-17,66.5,66.9000015258789,65.55000305175781,65.69999694824219,65.69999694824219,32379
2007-05-18,66.5,68.94999694824219,65.69999694824219,66.6500015258789,66.6500015258789,27397
2007-05-21,67.19999694824219,69.94999694824219,66.69999694824219,67.6500015258789,67.6500015258789,47919
2007-05-22,66.5999984741211,69.4000015258789,66.5999984741211,68.69999694824219,68.69999694824219,31119
2007-05-23,69.3499984741211,69.80000305175781,68.0,68.0999984741211,68.0999984741211,24371
2007-05-24,68.8499984741211,69.69999694824219,66.3499984741211,66.94999694824219,66.94999694824219,8397
2007-05-25,67.4000015258789,67.44999694824219,65.0999984741211,66.3499984741211,66.3499984741211,38526
2007-05-28,66.94999694824219,68.44999694824219,65.55000305175781,67.0,67.0,60208
2007-05-29,65.75,68.5,65.75,67.05000305175781,67.05000305175781,31064
2007-05-30,67.44999694824219,67.80000305175781,65.80000305175781,66.4000015258789,66.4000015258789,26723
2007-05-31,67.69999694824219,68.5,64.75,65.30000305175781,65.30000305175781,31174
2007-06-01,66.25,67.5,63.099998474121094,65.19999694824219,65.19999694824219,12650
2007-06-04,64.3499984741211,66.0,64.0,64.19999694824219,64.19999694824219,14668
2007-06-05,65.05000305175781,67.44999694824219,64.5,67.44999694824219,67.44999694824219,41972
2007-06-06,68.9000015258789,70.0,64.6500015258789,65.19999694824219,65.19999694824219,68806
2007-06-07,65.0,66.5,64.5,65.19999694824219,65.19999694824219,18683
2007-06-08,64.5,67.0,62.599998474121094,63.599998474121094,63.599998474121094,24719
2007-06-11,65.0,65.9000015258789,63.099998474121094,63.54999923706055,63.54999923706055,13943
2007-06-12,64.30000305175781,64.4000015258789,62.099998474121094,62.45000076293945,62.45000076293945,11339
2007-06-13,63.25,64.75,60.70000076293945,61.29999923706055,61.29999923706055,18046
2007-06-14,62.5,63.25,61.04999923706055,61.599998474121094,61.599998474121094,13106
2007-06-15,62.0,62.25,60.099998474121094,60.849998474121094,60.849998474121094,20752
2007-06-18,61.04999923706055,61.75,60.0,60.29999923706055,60.29999923706055,9475
2007-06-19,60.04999923706055,61.0,59.349998474121094,59.849998474121094,59.849998474121094,17454
2007-06-20,60.849998474121094,60.849998474121094,59.0,59.75,59.75,23077
2007-06-21,60.45000076293945,60.45000076293945,59.150001525878906,59.5,59.5,12236
2007-06-22,59.20000076293945,59.70000076293945,58.0,58.349998474121094,58.349998474121094,16451
2007-06-25,59.0,59.0,57.0,57.54999923706055,57.54999923706055,15695
2007-06-26,57.900001525878906,57.95000076293945,55.0,55.45000076293945,55.45000076293945,40049
2007-06-27,55.900001525878906,56.0,54.04999923706055,54.75,54.75,25995
2007-06-28,55.70000076293945,57.5,54.25,56.95000076293945,56.95000076293945,48492
2007-06-29,58.0,58.400001525878906,56.29999923706055,57.5,57.5,30666
2007-07-02,59.650001525878906,59.650001525878906,57.04999923706055,57.79999923706055,57.79999923706055,20147
2007-07-03,58.150001525878906,58.45000076293945,56.75,57.29999923706055,57.29999923706055,10965
2007-07-04,57.04999923706055,57.5,56.5,56.70000076293945,56.70000076293945,7029
2007-07-05,56.25,57.5,55.0,55.79999923706055,55.79999923706055,8396
2007-07-06,55.79999923706055,58.5,55.20000076293945,57.29999923706055,57.29999923706055,33350
2007-07-09,57.599998474121094,58.0,56.79999923706055,57.150001525878906,57.150001525878906,22340
2007-07-10,57.25,58.20000076293945,55.70000076293945,56.0,56.0,9902
2007-07-11,55.04999923706055,58.0,51.599998474121094,56.349998474121094,56.349998474121094,11730
2007-07-12,56.099998474121094,62.0,55.20000076293945,62.0,62.0,54468
2007-07-13,64.25,65.69999694824219,59.5,60.849998474121094,60.849998474121094,120737
2007-07-16,60.0,62.5,59.099998474121094,61.45000076293945,61.45000076293945,45540
2007-07-17,62.849998474121094,62.849998474121094,57.5,59.45000076293945,59.45000076293945,85874
2007-07-18,61.5,61.5,58.0,58.650001525878906,58.650001525878906,20555
2007-07-19,58.099998474121094,60.599998474121094,57.599998474121094,58.20000076293945,58.20000076293945,25733
2007-07-20,59.0,59.849998474121094,55.650001525878906,56.5,56.5,24458
2007-07-23,57.04999923706055,57.849998474121094,55.5,55.70000076293945,55.70000076293945,85349
2007-07-24,56.5,58.95000076293945,55.0,55.54999923706055,55.54999923706055,112307
2007-07-25,55.04999923706055,56.29999923706055,54.29999923706055,55.400001525878906,55.400001525878906,21040
2007-07-26,54.5,55.95000076293945,54.0,54.79999923706055,54.79999923706055,12229
2007-07-27,54.04999923706055,55.0,53.0,53.54999923706055,53.54999923706055,22321
2007-07-30,52.79999923706055,54.5,52.5,53.54999923706055,53.54999923706055,25368
2007-07-31,56.0,56.0,53.5,54.25,54.25,14781
2007-08-01,54.0,54.0,50.0,50.900001525878906,50.900001525878906,36882
2007-08-02,53.0,53.0,49.599998474121094,50.150001525878906,50.150001525878906,22865
2007-08-03,52.79999923706055,52.900001525878906,49.75,50.75,50.75,26946
2007-08-06,50.0,52.849998474121094,48.0,51.5,51.5,20486
2007-08-07,52.0,52.5,50.5,50.650001525878906,50.650001525878906,10093
2007-08-08,51.900001525878906,51.900001525878906,50.099998474121094,50.400001525878906,50.400001525878906,22342
2007-08-09,51.0,51.0,48.650001525878906,49.650001525878906,49.650001525878906,19546
2007-08-10,48.400001525878906,49.29999923706055,47.79999923706055,48.79999923706055,48.79999923706055,19099
2007-08-13,49.650001525878906,53.5,47.849998474121094,51.20000076293945,51.20000076293945,33742
2007-08-14,51.599998474121094,53.25,51.20000076293945,51.54999923706055,51.54999923706055,27081
2007-08-16,51.0,52.0,48.45000076293945,50.349998474121094,50.349998474121094,11972
2007-08-17,50.0,50.75,46.0,47.900001525878906,47.900001525878906,28434
2007-08-20,48.04999923706055,50.0,47.5,48.849998474121094,48.849998474121094,34800
2007-08-21,47.54999923706055,48.849998474121094,45.150001525878906,46.0,46.0,9883
2007-08-22,50.0,50.0,43.5,44.29999923706055,44.29999923706055,17237
2007-08-23,45.79999923706055,46.0,42.79999923706055,43.20000076293945,43.20000076293945,37586
2007-08-24,45.0,46.0,42.54999923706055,45.20000076293945,45.20000076293945,83056
2007-08-27,47.0,47.5,45.95000076293945,47.04999923706055,47.04999923706055,53733
2007-08-28,46.70000076293945,47.349998474121094,45.5,45.95000076293945,45.95000076293945,20946
2007-08-29,45.0,46.0,44.599998474121094,45.0,45.0,24533
2007-08-30,45.900001525878906,46.0,45.0,45.29999923706055,45.29999923706055,47956
2007-08-31,45.5,45.5,44.75,45.0,45.0,65933
2007-09-03,46.0,46.0,45.0,45.5,45.5,39468
2007-09-04,46.95000076293945,46.95000076293945,45.5,45.75,45.75,26153
2007-09-05,46.5,46.5,44.54999923706055,44.900001525878906,44.900001525878906,43056
2007-09-06,45.099998474121094,49.400001525878906,45.04999923706055,49.400001525878906,49.400001525878906,39483
2007-09-07,50.0,59.29999923706055,50.0,59.29999923706055,59.29999923706055,754851
2007-09-10,59.900001525878906,70.0,58.900001525878906,68.19999694824219,68.19999694824219,3025530
2007-09-11,69.4000015258789,69.6500015258789,63.75,64.69999694824219,64.69999694824219,756515
2007-09-12,65.5,69.25,62.29999923706055,66.55000305175781,66.55000305175781,783504
2007-09-13,67.44999694824219,67.44999694824219,63.0,64.1500015258789,64.1500015258789,199020
2007-09-14,65.80000305175781,65.80000305175781,59.75,60.45000076293945,60.45000076293945,157160
2007-09-17,62.900001525878906,62.900001525878906,60.0,60.400001525878906,60.400001525878906,101015
2007-09-18,60.099998474121094,60.95000076293945,58.20000076293945,58.79999923706055,58.79999923706055,104467
2007-09-19,62.900001525878906,62.900001525878906,58.54999923706055,59.25,59.25,74544
2007-09-20,54.0,60.25,54.0,57.150001525878906,57.150001525878906,63909
2007-09-21,58.0,58.0,54.29999923706055,54.900001525878906,54.900001525878906,44111
2007-09-24,55.0,56.70000076293945,54.900001525878906,56.5,56.5,34092
2007-09-25,55.0,57.45000076293945,55.0,55.849998474121094,55.849998474121094,22759
2007-09-26,56.900001525878906,58.0,55.5,56.45000076293945,56.45000076293945,34382
2007-09-27,58.79999923706055,58.79999923706055,55.5,56.849998474121094,56.849998474121094,32691
2007-09-28,55.29999923706055,57.650001525878906,55.0,55.900001525878906,55.900001525878906,34047
2007-10-01,56.95000076293945,57.0,54.099998474121094,54.900001525878906,54.900001525878906,36426
2007-10-03,56.0,56.0,52.599998474121094,53.5,53.5,45479
2007-10-04,54.0,54.75,52.20000076293945,53.650001525878906,53.650001525878906,19428
2007-10-05,52.5,53.5,51.54999923706055,51.70000076293945,51.70000076293945,19515
2007-10-08,52.0,52.0,49.150001525878906,49.599998474121094,49.599998474121094,28603
2007-10-09,48.0,50.900001525878906,47.150001525878906,50.0,50.0,32692
2007-10-10,50.0,52.5,49.5,50.45000076293945,50.45000076293945,25068
2007-10-11,50.0,52.0,48.900001525878906,49.25,49.25,15864
2007-10-12,47.75,50.0,47.0,47.45000076293945,47.45000076293945,45209
2007-10-15,49.099998474121094,49.5,47.5,47.849998474121094,47.849998474121094,14499
2007-10-16,46.04999923706055,48.5,46.04999923706055,47.20000076293945,47.20000076293945,20476
2007-10-17,47.0,47.0,44.849998474121094,45.0,45.0,59391
2007-10-18,45.75,47.25,45.0,45.25,45.25,25397
2007-10-19,46.25,46.25,43.0,44.150001525878906,44.150001525878906,25341
2007-10-22,43.0,45.0,42.5,44.29999923706055,44.29999923706055,12257
2007-10-23,45.0,46.54999923706055,45.0,46.54999923706055,46.54999923706055,27059
2007-10-24,48.70000076293945,48.900001525878906,47.0,48.04999923706055,48.04999923706055,46010
2007-10-25,47.0,48.79999923706055,46.5,46.849998474121094,46.849998474121094,12674
2007-10-26,46.0,49.0,45.20000076293945,47.95000076293945,47.95000076293945,31474
2007-10-29,49.900001525878906,50.20000076293945,47.20000076293945,47.79999923706055,47.79999923706055,17550
2007-10-30,48.0,49.0,46.0,46.20000076293945,46.20000076293945,16758
2007-10-31,48.0,48.0,46.0,46.45000076293945,46.45000076293945,25598
2007-11-01,46.0,48.5,44.54999923706055,45.25,45.25,16000
2007-11-02,44.599998474121094,46.349998474121094,43.0,44.900001525878906,44.900001525878906,18944
2007-11-05,45.20000076293945,47.150001525878906,43.04999923706055,47.150001525878906,47.150001525878906,17137
2007-11-06,49.349998474121094,49.54999923706055,48.04999923706055,49.54999923706055,49.54999923706055,26445
2007-11-07,52.0,52.0,47.25,48.25,48.25,16000
2007-11-08,48.099998474121094,48.25,46.099998474121094,46.54999923706055,46.54999923706055,12393
2007-11-12,48.0,50.150001525878906,46.099998474121094,50.150001525878906,50.150001525878906,25301
2007-11-13,52.0,52.70000076293945,50.79999923706055,52.70000076293945,52.70000076293945,39288
2007-11-14,54.5,55.349998474121094,52.5,52.900001525878906,52.900001525878906,52487
2007-11-15,55.0,55.0,50.25,51.29999923706055,51.29999923706055,55947
2007-11-16,51.29999923706055,53.900001525878906,51.29999923706055,53.900001525878906,53.900001525878906,9815
2007-11-19,56.599998474121094,56.599998474121094,56.599998474121094,56.599998474121094,56.599998474121094,18949
2007-11-20,59.45000076293945,59.45000076293945,55.099998474121094,57.70000076293945,57.70000076293945,89960
2007-11-21,57.0,58.599998474121094,54.849998474121094,54.849998474121094,54.849998474121094,34109
2007-11-22,53.5,54.900001525878906,52.150001525878906,54.150001525878906,54.150001525878906,42551
2007-11-23,54.75,55.0,52.25,52.95000076293945,52.95000076293945,13381
2007-11-26,54.5,55.599998474121094,53.349998474121094,55.099998474121094,55.099998474121094,26676
2007-11-27,55.0,57.900001525878906,53.04999923706055,56.70000076293945,56.70000076293945,39851
2007-11-28,59.349998474121094,59.54999923706055,58.04999923706055,59.54999923706055,59.54999923706055,68591
2007-11-29,61.900001525878906,62.54999923706055,61.900001525878906,62.54999923706055,62.54999923706055,53283
2007-11-30,62.0,65.69999694824219,59.45000076293945,62.04999923706055,62.04999923706055,93794
2007-12-03,64.5,65.1500015258789,63.0,65.1500015258789,65.1500015258789,82712
2007-12-04,68.44999694824219,68.44999694824219,66.0,68.44999694824219,68.44999694824219,111522
2007-12-05,71.5,71.9000015258789,71.0999984741211,71.9000015258789,71.9000015258789,69015
2007-12-06,75.5,75.5,75.5,75.5,75.5,32676
2007-12-07,79.30000305175781,79.30000305175781,76.0,79.30000305175781,79.30000305175781,757925
2007-12-10,82.4000015258789,83.30000305175781,82.4000015258789,83.30000305175781,83.30000305175781,229059
2007-12-11,87.5,87.5,87.5,87.5,87.5,19987
2007-12-12,91.9000015258789,91.9000015258789,90.0999984741211,91.9000015258789,91.9000015258789,257499
2007-12-13,96.5,96.5,96.5,96.5,96.5,29313
2007-12-14,101.3499984741211,101.3499984741211,91.69999694824219,101.3499984741211,101.3499984741211,1300523
2007-12-17,104.4000015258789,106.44999694824219,96.30000305175781,96.30000305175781,96.30000305175781,697236
2007-12-18,96.30000305175781,97.9000015258789,91.5,93.69999694824219,93.69999694824219,437784
2007-12-19,95.25,98.0999984741211,94.5,97.69999694824219,97.69999694824219,872340
2007-12-20,102.5999984741211,102.5999984741211,92.8499984741211,93.19999694824219,93.19999694824219,194308
2007-12-24,93.19999694824219,97.9000015258789,93.19999694824219,97.75,97.75,162779
2007-12-26,102.5,102.6500015258789,98.05000305175781,102.6500015258789,102.6500015258789,198454
2007-12-27,106.0,107.80000305175781,106.0,107.80000305175781,107.80000305175781,87500
2007-12-28,113.19999694824219,113.19999694824219,105.0,113.19999694824219,113.19999694824219,516127
2007-12-31,117.9000015258789,118.9000015258789,117.9000015258789,118.9000015258789,118.9000015258789,23837
2008-01-01,124.8499984741211,124.8499984741211,124.8499984741211,124.8499984741211,124.8499984741211,27316
2008-01-02,131.10000610351562,131.10000610351562,131.10000610351562,131.10000610351562,131.10000610351562,26183
2008-01-03,136.39999389648438,137.6999969482422,136.39999389648438,137.6999969482422,137.6999969482422,34774
2008-01-04,144.60000610351562,144.60000610351562,144.60000610351562,144.60000610351562,144.60000610351562,36929
2008-01-07,151.8000030517578,151.85000610351562,146.0,151.85000610351562,151.85000610351562,354540
2008-01-08,159.4499969482422,159.4499969482422,144.3000030517578,159.4499969482422,159.4499969482422,498922
2008-01-09,164.39999389648438,167.4499969482422,151.60000610351562,167.4499969482422,167.4499969482422,422897
2008-01-10,175.75,175.8000030517578,159.10000610351562,159.10000610351562,159.10000610351562,196344
2008-01-11,151.14999389648438,151.14999389648438,151.14999389648438,151.14999389648438,151.14999389648438,12296
2008-01-14,143.60000610351562,143.60000610351562,143.60000610351562,143.60000610351562,143.60000610351562,8749
2008-01-15,137.60000610351562,150.8000030517578,136.4499969482422,141.0,141.0,260494
2008-01-16,133.25,143.0,133.1999969482422,139.0,139.0,121297
2008-01-17,134.0,143.14999389648438,132.0,143.14999389648438,143.14999389648438,72971
2008-01-18,140.0,144.0,136.0,136.0,136.0,59839
2008-01-21,129.1999969482422,131.5,129.1999969482422,129.1999969482422,129.1999969482422,22923
2008-01-22,122.75,122.75,122.75,122.75,122.75,594
2008-01-23,116.6500015258789,116.6500015258789,116.6500015258789,116.6500015258789,116.6500015258789,1634
2008-01-24,110.8499984741211,110.8499984741211,110.8499984741211,110.8499984741211,110.8499984741211,2656
2008-01-25,105.4000015258789,105.4000015258789,105.3499984741211,105.3499984741211,105.3499984741211,13442
2008-01-28,100.0999984741211,100.0999984741211,100.0999984741211,100.0999984741211,100.0999984741211,1312
2008-01-29,95.0999984741211,105.0,95.0999984741211,95.0999984741211,95.0999984741211,84065
2008-01-30,90.4000015258789,90.4000015258789,90.3499984741211,90.3499984741211,90.3499984741211,8463
2008-01-31,85.9000015258789,85.9000015258789,85.8499984741211,85.8499984741211,85.8499984741211,11781
2008-02-01,81.5999984741211,81.5999984741211,81.5999984741211,81.5999984741211,81.5999984741211,5271
2008-02-04,78.0999984741211,85.69999694824219,77.55000305175781,85.69999694824219,85.69999694824219,53216
2008-02-05,88.80000305175781,90.0,83.0,90.0,90.0,20937
2008-02-06,94.5,94.5,85.5,94.5,94.5,48622
2008-02-07,99.25,99.25,89.80000305175781,89.80000305175781,89.80000305175781,89794
2008-02-08,87.0999984741211,88.9000015258789,85.3499984741211,85.3499984741211,85.3499984741211,9957
2008-02-11,81.0999984741211,81.0999984741211,81.0999984741211,81.0999984741211,81.0999984741211,2129
2008-02-12,77.05000305175781,77.05000305175781,77.05000305175781,77.05000305175781,77.05000305175781,5160
2008-02-13,73.19999694824219,73.19999694824219,73.19999694824219,73.19999694824219,73.19999694824219,2552
2008-02-14,69.55000305175781,75.0,69.55000305175781,75.0,75.0,92075
2008-02-15,74.0,74.1500015258789,67.0999984741211,74.1500015258789,74.1500015258789,55866
2008-02-18,77.0,77.9000015258789,73.0,77.9000015258789,77.9000015258789,39123
2008-02-19,80.0,80.0,73.9000015258789,73.9000015258789,73.9000015258789,28044
2008-02-20,71.5,71.5,70.19999694824219,70.19999694824219,70.19999694824219,12368
2008-02-21,70.0,72.0,66.69999694824219,72.0,72.0,52807
2008-02-22,69.0,69.0999984741211,65.94999694824219,65.94999694824219,65.94999694824219,50804
2008-02-25,65.0,65.0,62.650001525878906,62.650001525878906,62.650001525878906,50178
2008-02-26,65.5,66.9000015258789,62.150001525878906,63.849998474121094,63.849998474121094,55163
2008-02-27,64.5,66.5999984741211,64.0,66.5999984741211,66.5999984741211,34793
2008-02-28,69.0,69.8499984741211,64.3499984741211,67.9000015258789,67.9000015258789,48065
2008-02-29,69.5,69.5,64.44999694824219,64.44999694824219,64.44999694824219,84930
2008-03-03,64.0,65.44999694824219,61.25,61.25,61.25,22871
2008-03-04,62.150001525878906,62.150001525878906,58.20000076293945,58.20000076293945,58.20000076293945,8241
2008-03-05,55.29999923706055,55.29999923706055,55.29999923706055,55.29999923706055,55.29999923706055,7506
2008-03-07,52.54999923706055,52.54999923706055,52.54999923706055,52.54999923706055,52.54999923706055,14085
2008-03-10,49.95000076293945,49.95000076293945,49.95000076293945,49.95000076293945,49.95000076293945,10344
2008-03-11,47.45000076293945,52.45000076293945,47.45000076293945,52.45000076293945,52.45000076293945,228420
2008-03-12,55.099998474121094,55.099998474121094,49.849998474121094,49.849998474121094,49.849998474121094,118109
2008-03-13,47.400001525878906,50.900001525878906,47.400001525878906,47.400001525878906,47.400001525878906,16770
2008-03-14,45.04999923706055,48.900001525878906,45.04999923706055,46.900001525878906,46.900001525878906,113122
2008-03-17,44.70000076293945,45.0,44.54999923706055,44.54999923706055,44.54999923706055,16863
2008-03-18,42.349998474121094,44.79999923706055,42.349998474121094,42.349998474121094,42.349998474121094,33398
2008-03-19,44.0,44.0,40.25,40.25,40.25,53604
2008-03-24,38.29999923706055,38.75,38.25,38.25,38.25,17131
2008-03-25,36.70000076293945,39.75,36.349998474121094,36.900001525878906,36.900001525878906,757245
2008-03-26,38.400001525878906,38.75,36.650001525878906,37.29999923706055,37.29999923706055,241714
2008-03-27,37.79999923706055,39.20000076293945,37.0,39.20000076293945,39.20000076293945,68235
2008-03-28,41.20000076293945,41.20000076293945,41.20000076293945,41.20000076293945,41.20000076293945,13217
2008-03-31,43.29999923706055,43.29999923706055,43.29999923706055,43.29999923706055,43.29999923706055,19323
2008-04-01,45.5,45.5,42.29999923706055,45.45000076293945,45.45000076293945,370423
2008-04-02,47.400001525878906,47.75,46.0,47.29999923706055,47.29999923706055,197307
2008-04-03,48.0,48.099998474121094,44.95000076293945,44.95000076293945,44.95000076293945,77896
2008-04-04,43.099998474121094,44.0,42.70000076293945,43.0,43.0,111860
2008-04-07,42.70000076293945,44.150001525878906,40.849998474121094,43.599998474121094,43.599998474121094,48883
2008-04-08,44.0,45.79999923706055,42.70000076293945,45.79999923706055,45.79999923706055,53589
2008-04-09,47.45000076293945,48.099998474121094,46.20000076293945,48.099998474121094,48.099998474121094,229859
2008-04-10,49.20000076293945,50.54999923706055,47.0,47.599998474121094,47.599998474121094,286553
2008-04-11,48.900001525878906,49.650001525878906,45.29999923706055,46.400001525878906,46.400001525878906,143249
2008-04-15,46.400001525878906,48.75,45.099998474121094,48.75,48.75,82069
2008-04-16,51.20000076293945,51.20000076293945,49.20000076293945,49.79999923706055,49.79999923706055,281786
2008-04-17,51.900001525878906,51.900001525878906,48.0,49.0,49.0,84019
2008-04-21,50.75,51.45000076293945,48.099998474121094,51.45000076293945,51.45000076293945,294901
2008-04-22,50.04999923706055,53.70000076293945,50.04999923706055,51.599998474121094,51.599998474121094,118216
2008-04-23,51.25,52.900001525878906,49.29999923706055,50.099998474121094,50.099998474121094,145388
2008-04-24,51.45000076293945,51.5,48.04999923706055,48.349998474121094,48.349998474121094,109078
2008-04-25,49.70000076293945,50.79999923706055,48.099998474121094,50.79999923706055,50.79999923706055,105954
2008-04-28,53.349998474121094,53.349998474121094,53.25,53.349998474121094,53.349998474121094,47802
2008-04-29,56.04999923706055,56.04999923706055,56.04999923706055,56.04999923706055,56.04999923706055,19549
2008-04-30,58.849998474121094,58.849998474121094,58.849998474121094,58.849998474121094,58.849998474121094,24443
2008-05-02,61.79999923706055,61.79999923706055,56.70000076293945,61.75,61.75,603001
2008-05-05,64.8499984741211,64.8499984741211,61.0,62.150001525878906,62.150001525878906,512864
2008-05-06,62.0,64.3499984741211,59.5,60.150001525878906,60.150001525878906,276581
2008-05-07,60.0,62.400001525878906,58.25,61.29999923706055,61.29999923706055,113849
2008-05-08,58.599998474121094,64.4000015258789,58.599998474121094,64.3499984741211,64.3499984741211,596915
2008-05-09,63.5,67.5999984741211,61.150001525878906,62.150001525878906,62.150001525878906,333165
2008-05-12,61.25,62.849998474121094,59.04999923706055,59.29999923706055,59.29999923706055,177872
2008-05-13,60.900001525878906,62.29999923706055,57.5,58.650001525878906,58.650001525878906,207530
2008-05-14,59.79999923706055,59.79999923706055,55.75,56.25,56.25,161859
2008-05-15,56.29999923706055,59.099998474121094,56.0,57.70000076293945,57.70000076293945,166321
2008-05-16,57.0,59.0,57.0,57.900001525878906,57.900001525878906,28271
2008-05-20,57.0,58.400001525878906,56.79999923706055,57.5,57.5,21960
2008-05-21,55.099998474121094,57.5,55.099998474121094,57.5,57.5,24458
2008-05-22,56.150001525878906,57.5,55.5,55.599998474121094,55.599998474121094,25571
2008-05-23,56.5,58.75,56.29999923706055,56.29999923706055,56.29999923706055,89308
2008-05-26,54.75,56.79999923706055,54.20000076293945,54.25,54.25,49575
2008-05-27,53.5,55.75,51.650001525878906,51.650001525878906,51.650001525878906,31071
2008-05-28,50.29999923706055,51.5,49.150001525878906,51.5,51.5,46680
2008-05-29,52.5,52.5,48.400001525878906,48.95000076293945,48.95000076293945,29593
2008-05-30,51.04999923706055,51.04999923706055,46.79999923706055,48.099998474121094,48.099998474121094,13020
2008-06-02,49.45000076293945,49.900001525878906,46.20000076293945,46.20000076293945,46.20000076293945,33096
2008-06-03,44.0,46.349998474121094,43.900001525878906,46.20000076293945,46.20000076293945,20575
2008-06-04,46.0,47.75,45.20000076293945,46.0,46.0,30805
2008-06-05,45.75,48.70000076293945,45.150001525878906,48.04999923706055,48.04999923706055,36082
2008-06-06,49.0,50.349998474121094,46.75,47.400001525878906,47.400001525878906,21622
2008-06-09,47.0,47.0,45.04999923706055,45.04999923706055,45.04999923706055,15271
2008-06-10,43.400001525878906,46.0,42.849998474121094,42.849998474121094,42.849998474121094,16682
2008-06-11,42.400001525878906,44.650001525878906,42.0,43.29999923706055,43.29999923706055,22784
2008-06-12,44.400001525878906,44.45000076293945,40.599998474121094,43.900001525878906,43.900001525878906,19633
2008-06-13,44.5,45.5,43.5,45.5,45.5,63024
2008-06-16,47.400001525878906,47.75,45.5,46.0,46.0,51438
2008-06-17,46.75,47.0,45.5,46.0,46.0,33596
2008-06-18,46.0,47.5,44.54999923706055,44.95000076293945,44.95000076293945,27879
2008-06-19,43.099998474121094,45.95000076293945,43.099998474121094,43.95000076293945,43.95000076293945,32486
2008-06-20,43.5,44.849998474121094,41.75,41.75,41.75,42631
2008-06-23,40.25,41.29999923706055,39.70000076293945,39.70000076293945,39.70000076293945,21274
2008-06-24,39.900001525878906,39.95000076293945,37.75,38.0,38.0,56448
2008-06-25,36.45000076293945,39.79999923706055,36.45000076293945,38.0,38.0,55347
2008-06-26,37.0,39.900001525878906,37.0,39.900001525878906,39.900001525878906,42414
2008-06-27,39.0,40.900001525878906,38.400001525878906,38.75,38.75,35833
2008-06-30,39.650001525878906,39.650001525878906,36.849998474121094,36.849998474121094,36.849998474121094,31136
2008-07-01,36.900001525878906,37.0,35.04999923706055,35.04999923706055,35.04999923706055,52087
2008-07-02,35.0,36.79999923706055,33.29999923706055,36.25,36.25,71154
2008-07-03,35.099998474121094,37.79999923706055,34.45000076293945,34.79999923706055,34.79999923706055,20407
2008-07-04,35.0,36.54999923706055,33.20000076293945,36.54999923706055,36.54999923706055,37316
2008-07-07,37.099998474121094,40.25,36.04999923706055,36.849998474121094,36.849998474121094,195465
2008-07-08,37.5,38.45000076293945,34.04999923706055,37.70000076293945,37.70000076293945,52485
2008-07-09,39.95000076293945,41.099998474121094,38.20000076293945,40.25,40.25,61499
2008-07-10,40.25,43.70000076293945,39.5,41.150001525878906,41.150001525878906,55737
2008-07-11,41.0,42.599998474121094,37.150001525878906,38.099998474121094,38.099998474121094,78604
2008-07-14,38.099998474121094,39.0,37.20000076293945,37.599998474121094,37.599998474121094,19340
2008-07-15,37.20000076293945,38.0,35.79999923706055,36.25,36.25,30471
2008-07-16,37.849998474121094,37.849998474121094,34.79999923706055,35.25,35.25,27716
2008-07-17,35.599998474121094,38.0,35.25,35.70000076293945,35.70000076293945,13719
2008-07-18,36.150001525878906,37.849998474121094,35.5,36.900001525878906,36.900001525878906,31570
2008-07-21,39.5,39.5,36.099998474121094,37.099998474121094,37.099998474121094,16541
2008-07-22,37.29999923706055,38.900001525878906,36.20000076293945,37.29999923706055,37.29999923706055,33133
2008-07-23,38.5,41.04999923706055,38.099998474121094,41.04999923706055,41.04999923706055,118201
2008-07-24,43.400001525878906,43.400001525878906,38.75,39.400001525878906,39.400001525878906,60208
2008-07-25,38.5,39.20000076293945,35.599998474121094,37.20000076293945,37.20000076293945,108550
2008-07-28,38.099998474121094,39.849998474121094,36.5,39.0,39.0,58168
2008-07-29,39.75,41.400001525878906,37.650001525878906,39.45000076293945,39.45000076293945,80196
2008-07-30,40.70000076293945,41.79999923706055,39.5,40.29999923706055,40.29999923706055,65769
2008-07-31,40.349998474121094,41.150001525878906,39.29999923706055,39.70000076293945,39.70000076293945,28331
2008-08-01,39.79999923706055,39.79999923706055,38.650001525878906,39.0,39.0,40240
2008-08-04,41.400001525878906,42.900001525878906,40.25,42.900001525878906,42.900001525878906,127300
2008-08-05,44.20000076293945,47.20000076293945,42.900001525878906,47.20000076293945,47.20000076293945,393500
2008-08-06,51.45000076293945,51.45000076293945,43.099998474121094,44.599998474121094,44.599998474121094,258910
2008-08-07,44.599998474121094,46.5,44.0,44.70000076293945,44.70000076293945,51351
2008-08-08,44.04999923706055,44.5,42.5,43.900001525878906,43.900001525878906,81558
2008-08-11,44.5,45.900001525878906,44.5,44.79999923706055,44.79999923706055,51711
2008-08-12,45.599998474121094,48.29999923706055,43.599998474121094,44.25,44.25,56327
2008-08-13,43.900001525878906,44.95000076293945,42.349998474121094,43.400001525878906,43.400001525878906,43635
2008-08-14,43.849998474121094,44.5,42.29999923706055,42.5,42.5,34200
2008-08-18,41.099998474121094,43.25,41.099998474121094,41.54999923706055,41.54999923706055,19727
2008-08-19,40.0,40.25,38.29999923706055,39.150001525878906,39.150001525878906,100137
2008-08-20,40.5,40.5,39.04999923706055,39.45000076293945,39.45000076293945,56228
2008-08-21,40.0,40.349998474121094,38.150001525878906,38.45000076293945,38.45000076293945,44441
2008-08-22,38.900001525878906,39.849998474121094,38.099998474121094,38.54999923706055,38.54999923706055,46692
2008-08-25,39.95000076293945,40.0,38.70000076293945,39.150001525878906,39.150001525878906,29732
2008-08-26,37.04999923706055,39.150001525878906,37.04999923706055,37.95000076293945,37.95000076293945,31011
2008-08-27,38.650001525878906,39.0,37.45000076293945,37.650001525878906,37.650001525878906,33434
2008-08-28,37.79999923706055,37.849998474121094,37.0,37.29999923706055,37.29999923706055,21977
2008-08-29,38.900001525878906,38.900001525878906,37.75,38.099998474121094,38.099998474121094,29689
2008-09-01,38.0,38.70000076293945,36.099998474121094,38.400001525878906,38.400001525878906,18957
2008-09-02,38.0,39.5,38.0,38.95000076293945,38.95000076293945,22279
2008-09-04,39.150001525878906,39.25,38.04999923706055,38.849998474121094,38.849998474121094,18429
2008-09-05,38.79999923706055,38.95000076293945,38.099998474121094,38.400001525878906,38.400001525878906,17946
2008-09-08,39.900001525878906,40.900001525878906,38.099998474121094,38.29999923706055,38.29999923706055,25363
2008-09-09,38.5,44.45000076293945,38.150001525878906,43.20000076293945,43.20000076293945,295254
2008-09-10,43.75,45.5,41.150001525878906,41.79999923706055,41.79999923706055,246613
2008-09-11,40.0,43.75,39.5,40.25,40.25,57280
2008-09-12,40.25,41.45000076293945,39.0,39.20000076293945,39.20000076293945,37226
2008-09-15,37.099998474121094,39.79999923706055,36.54999923706055,37.29999923706055,37.29999923706055,43974
2008-09-16,35.099998474121094,36.900001525878906,35.0,36.0,36.0,47739
2008-09-17,37.79999923706055,37.79999923706055,34.650001525878906,35.099998474121094,35.099998474121094,40762
2008-09-18,34.0,34.45000076293945,28.5,33.20000076293945,33.20000076293945,124529
2008-09-19,34.0,38.150001525878906,33.0,35.95000076293945,35.95000076293945,145456
2008-09-22,37.0,37.25,35.5,35.79999923706055,35.79999923706055,51208
2008-09-23,35.04999923706055,36.0,34.0,34.25,34.25,25025
2008-09-24,35.0,37.75,34.75,35.0,35.0,31823
2008-09-25,35.45000076293945,36.20000076293945,34.0,34.45000076293945,34.45000076293945,44161
2008-09-26,34.900001525878906,35.900001525878906,30.649999618530273,31.299999237060547,31.299999237060547,204029
2008-09-29,33.849998474121094,33.849998474121094,29.0,30.399999618530273,30.399999618530273,85740
2008-09-30,29.0,32.599998474121094,27.149999618530273,30.950000762939453,30.950000762939453,74980
2008-10-01,32.70000076293945,32.70000076293945,30.149999618530273,31.399999618530273,31.399999618530273,38233
2008-10-03,31.0,31.899999618530273,30.0,30.350000381469727,30.350000381469727,21651
2008-10-06,30.0,30.0,28.0,28.049999237060547,28.049999237060547,57626
2008-10-07,28.049999237060547,29.25,24.75,25.450000762939453,25.450000762939453,81072
2008-10-08,24.399999618530273,24.399999618530273,22.0,23.600000381469727,23.600000381469727,87666
2008-10-10,20.25,26.549999237060547,19.049999237060547,22.299999237060547,22.299999237060547,59206
2008-10-13,23.899999618530273,26.5,22.649999618530273,25.600000381469727,25.600000381469727,72807
2008-10-14,25.25,28.0,25.149999618530273,25.700000762939453,25.700000762939453,52867
2008-10-15,24.049999237060547,26.75,21.649999618530273,22.649999618530273,22.649999618530273,68295
2008-10-16,21.5,23.450000762939453,20.100000381469727,22.600000381469727,22.600000381469727,62671
2008-10-17,23.850000381469727,23.850000381469727,21.299999237060547,21.700000762939453,21.700000762939453,37152
2008-10-20,22.399999618530273,23.0,20.600000381469727,21.149999618530273,21.149999618530273,25871
2008-10-21,21.5,22.200000762939453,21.0,21.649999618530273,21.649999618530273,29311
2008-10-22,21.899999618530273,21.899999618530273,20.549999237060547,20.75,20.75,13121
2008-10-23,19.899999618530273,20.600000381469727,19.200000762939453,19.950000762939453,19.950000762939453,30722
2008-10-24,19.5,19.899999618530273,18.100000381469727,18.350000381469727,18.350000381469727,55812
2008-10-27,17.75,18.5,15.100000381469727,16.950000762939453,16.950000762939453,31222
2008-10-29,19.5,21.299999237060547,18.299999237060547,18.75,18.75,23413
2008-10-31,17.25,20.450000762939453,17.25,18.899999618530273,18.899999618530273,23701
2008-11-03,19.299999237060547,20.649999618530273,19.299999237060547,19.850000381469727,19.850000381469727,28109
2008-11-04,19.5,23.0,19.149999618530273,21.799999237060547,21.799999237060547,67154
2008-11-05,22.25,22.899999618530273,19.75,20.200000762939453,20.200000762939453,39751
2008-11-06,19.100000381469727,20.899999618530273,19.0,20.0,20.0,20579
2008-11-07,19.0,20.549999237060547,19.0,20.100000381469727,20.100000381469727,16315
2008-11-10,20.899999618530273,21.399999618530273,19.549999237060547,19.799999237060547,19.799999237060547,63732
2008-11-11,20.25,20.350000381469727,18.600000381469727,19.100000381469727,19.100000381469727,24524
2008-11-12,18.549999237060547,19.5,18.049999237060547,18.75,18.75,34587
2008-11-14,18.5,19.25,17.850000381469727,18.149999618530273,18.149999618530273,21923
2008-11-17,18.100000381469727,18.5,17.0,17.350000381469727,17.350000381469727,16729
2008-11-18,16.200000762939453,17.600000381469727,16.200000762939453,17.100000381469727,17.100000381469727,14726
2008-11-19,17.0,17.600000381469727,16.299999237060547,16.700000762939453,16.700000762939453,18280
2008-11-20,15.199999809265137,16.700000762939453,15.199999809265137,15.800000190734863,15.800000190734863,16048
2008-11-21,15.550000190734863,15.949999809265137,15.149999618530273,15.649999618530273,15.649999618530273,11588
2008-11-24,16.600000381469727,16.600000381469727,15.350000381469727,15.899999618530273,15.899999618530273,7360
2008-11-25,16.799999237060547,16.899999618530273,15.149999618530273,15.600000381469727,15.600000381469727,12620
2008-11-26,15.300000190734863,15.899999618530273,15.0,15.449999809265137,15.449999809265137,11452
2008-11-27,15.449999809265137,15.449999809265137,15.449999809265137,15.449999809265137,15.449999809265137,0
2008-11-28,14.300000190734863,15.449999809265137,14.100000381469727,15.0,15.0,14254
2008-12-01,15.350000381469727,15.800000190734863,13.75,14.350000381469727,14.350000381469727,17972
2008-12-02,14.300000190734863,14.850000381469727,12.899999618530273,13.149999618530273,13.149999618530273,28118
2008-12-03,13.199999809265137,15.699999809265137,13.199999809265137,14.899999618530273,14.899999618530273,30169
2008-12-04,15.699999809265137,15.800000190734863,14.850000381469727,15.350000381469727,15.350000381469727,18316
2008-12-05,15.0,15.800000190734863,14.5,15.600000381469727,15.600000381469727,37161
2008-12-08,15.850000381469727,16.700000762939453,15.25,15.850000381469727,15.850000381469727,18624
2008-12-10,16.0,16.850000381469727,15.5,16.549999237060547,16.549999237060547,41760
2008-12-11,16.850000381469727,17.549999237060547,16.299999237060547,17.0,17.0,46364
2008-12-12,16.950000762939453,20.399999618530273,16.0,20.399999618530273,20.399999618530273,67972
2008-12-15,21.899999618530273,24.5,21.0,24.5,24.5,221348
2008-12-16,26.950000762939453,26.950000762939453,25.100000381469727,26.25,26.25,338303
2008-12-17,27.600000381469727,27.649999618530273,23.649999618530273,23.649999618530273,23.649999618530273,93857
2008-12-18,21.600000381469727,24.5,21.399999618530273,23.950000762939453,23.950000762939453,120097
2008-12-19,23.850000381469727,24.75,22.649999618530273,23.049999237060547,23.049999237060547,69446
2008-12-22,22.75,23.850000381469727,20.75,22.049999237060547,22.049999237060547,58538
2008-12-23,21.75,21.75,20.100000381469727,20.549999237060547,20.549999237060547,44530
2008-12-24,20.549999237060547,20.549999237060547,19.600000381469727,20.149999618530273,20.149999618530273,20417
2008-12-26,20.149999618530273,21.5,19.100000381469727,19.299999237060547,19.299999237060547,32277
2008-12-29,18.350000381469727,19.950000762939453,18.350000381469727,19.600000381469727,19.600000381469727,8921
2008-12-30,19.600000381469727,20.100000381469727,19.25,19.600000381469727,19.600000381469727,14280
2008-12-31,20.799999237060547,21.049999237060547,19.5,19.600000381469727,19.600000381469727,23952
2009-01-02,21.75,21.75,19.600000381469727,19.600000381469727,19.600000381469727,21644
2009-01-05,22.0,22.100000381469727,20.799999237060547,20.799999237060547,20.799999237060547,22013
2009-01-06,21.5,22.25,20.850000381469727,20.850000381469727,20.850000381469727,23555
2009-01-07,21.100000381469727,21.5,19.600000381469727,19.600000381469727,19.600000381469727,12692
2009-01-09,19.899999618530273,19.899999618530273,19.350000381469727,19.600000381469727,19.600000381469727,998
2009-01-12,19.200000762939453,19.600000381469727,18.399999618530273,19.600000381469727,19.600000381469727,11253
2009-01-13,18.0,18.0,17.549999237060547,17.549999237060547,17.549999237060547,9968
2009-01-14,17.899999618530273,18.200000762939453,17.100000381469727,17.100000381469727,17.100000381469727,10380
2009-01-15,17.100000381469727,18.0,16.850000381469727,17.899999618530273,17.899999618530273,8359
2009-01-16,16.950000762939453,17.950000762939453,16.850000381469727,16.850000381469727,16.850000381469727,41990
2009-01-19,17.0,17.450000762939453,16.049999237060547,16.049999237060547,16.049999237060547,21059
2009-01-20,17.149999618530273,17.350000381469727,16.5,16.5,16.5,13004
2009-01-21,17.0,17.0,16.399999618530273,16.399999618530273,16.399999618530273,16738
2009-01-22,16.649999618530273,16.950000762939453,16.0,16.0,16.0,35949
2009-01-23,16.0,16.0,15.199999809265137,15.199999809265137,15.199999809265137,8667
2009-01-27,16.399999618530273,16.399999618530273,15.0,15.0,15.0,22220
2009-01-28,16.299999237060547,16.299999237060547,15.050000190734863,15.050000190734863,15.050000190734863,18671
2009-01-29,15.899999618530273,16.450000762939453,15.149999618530273,15.149999618530273,15.149999618530273,27886
2009-01-30,15.75,15.899999618530273,14.699999809265137,14.699999809265137,14.699999809265137,23269
2009-02-02,15.0,15.699999809265137,15.0,15.699999809265137,15.699999809265137,6925
2009-02-03,15.199999809265137,15.649999618530273,15.0,15.0,15.0,5191
2009-02-04,15.699999809265137,15.699999809265137,15.0,15.0,15.0,10356
2009-02-05,15.300000190734863,15.699999809265137,14.75,14.75,14.75,6203
2009-02-06,15.199999809265137,15.699999809265137,15.149999618530273,15.149999618530273,15.149999618530273,8779
2009-02-09,15.449999809265137,15.649999618530273,14.899999618530273,14.899999618530273,14.899999618530273,16494
2009-02-10,15.199999809265137,15.899999618530273,15.199999809265137,15.600000381469727,15.600000381469727,27250
2009-02-11,15.300000190734863,16.200000762939453,15.300000190734863,15.300000190734863,15.300000190734863,30580
2009-02-12,17.049999237060547,17.049999237060547,17.049999237060547,17.049999237060547,17.049999237060547,8703
2009-02-13,17.899999618530273,17.899999618530273,17.899999618530273,17.899999618530273,17.899999618530273,12188
2009-02-16,18.799999237060547,19.600000381469727,17.0,19.600000381469727,19.600000381469727,39511
2009-02-17,16.850000381469727,16.850000381469727,16.25,16.25,16.25,4465
2009-02-18,15.449999809265137,16.450000762939453,15.449999809265137,15.449999809265137,15.449999809265137,10745
2009-02-19,16.25,16.25,15.350000381469727,15.350000381469727,15.350000381469727,9160
2009-02-20,15.75,16.049999237060547,15.199999809265137,15.300000190734863,15.300000190734863,11253
2009-02-24,15.399999618530273,15.899999618530273,14.800000190734863,14.800000190734863,14.800000190734863,10751
2009-02-25,16.0,16.0,15.300000190734863,15.300000190734863,15.300000190734863,7557
2009-02-26,15.5,15.5,15.0,15.0,15.0,7699
2009-02-27,15.0,15.5,15.0,15.0,15.0,6390
2009-03-02,15.449999809265137,15.449999809265137,14.600000381469727,14.850000381469727,14.850000381469727,16776
2009-03-03,14.75,15.25,14.5,14.649999618530273,14.649999618530273,24243
2009-03-04,15.0,15.0,14.600000381469727,14.649999618530273,14.649999618530273,10925
2009-03-05,14.899999618530273,14.899999618530273,14.149999618530273,14.199999809265137,14.199999809265137,9720
2009-03-06,14.0,14.449999809265137,13.800000190734863,14.050000190734863,14.050000190734863,14032
2009-03-09,14.0,14.949999809265137,13.0,13.350000381469727,13.350000381469727,19053
2009-03-12,13.300000190734863,14.699999809265137,13.300000190734863,14.699999809265137,14.699999809265137,16140
2009-03-13,15.600000381469727,16.200000762939453,15.0,15.25,15.25,88724
2009-03-16,15.800000190734863,15.899999618530273,14.050000190734863,15.649999618530273,15.649999618530273,28366
2009-03-17,14.5,16.100000381469727,14.5,15.649999618530273,15.649999618530273,13616
2009-03-18,15.850000381469727,16.399999618530273,15.5,15.600000381469727,15.600000381469727,23501
2009-03-19,15.699999809265137,16.549999237060547,15.649999618530273,15.800000190734863,15.800000190734863,27571
2009-03-20,15.800000190734863,16.25,14.850000381469727,15.699999809265137,15.699999809265137,29527
2009-03-23,16.0,17.299999237060547,15.100000381469727,16.950000762939453,16.950000762939453,183042
2009-03-24,17.399999618530273,17.399999618530273,15.25,16.049999237060547,16.049999237060547,74042
2009-03-25,16.649999618530273,16.899999618530273,15.600000381469727,15.899999618530273,15.899999618530273,31422
2009-03-26,16.5,16.5,15.649999618530273,15.850000381469727,15.850000381469727,40384
2009-03-27,16.700000762939453,16.75,15.75,16.450000762939453,16.450000762939453,76180
2009-03-30,16.049999237060547,16.549999237060547,15.600000381469727,16.0,16.0,20308
2009-03-31,15.850000381469727,16.25,15.600000381469727,15.850000381469727,15.850000381469727,17808
2009-04-01,16.299999237060547,17.450000762939453,16.0,16.899999618530273,16.899999618530273,95970
2009-04-02,18.0,18.600000381469727,17.0,17.75,17.75,104909
2009-04-06,19.549999237060547,19.549999237060547,17.049999237060547,17.299999237060547,17.299999237060547,100266
2009-04-08,16.0,19.049999237060547,16.0,19.049999237060547,19.049999237060547,117046
2009-04-09,20.100000381469727,20.450000762939453,18.549999237060547,19.200000762939453,19.200000762939453,183909
2009-04-13,20.5,20.5,19.0,20.0,20.0,78824
2009-04-15,20.0,22.0,19.649999618530273,22.0,22.0,103032
2009-04-16,23.700000762939453,23.700000762939453,19.799999237060547,19.850000381469727,19.850000381469727,205640
2009-04-17,21.149999618530273,21.149999618530273,19.149999618530273,19.350000381469727,19.350000381469727,66911
2009-04-20,19.350000381469727,20.25,18.700000762939453,19.149999618530273,19.149999618530273,55715
2009-04-21,19.0,19.5,18.5,18.899999618530273,18.899999618530273,32657
2009-04-22,19.0,19.799999237060547,18.5,18.649999618530273,18.649999618530273,40998
2009-04-23,19.0,19.0,18.200000762939453,18.549999237060547,18.549999237060547,51188
2009-04-24,18.0,19.75,18.0,19.100000381469727,19.100000381469727,43589
2009-04-27,19.399999618530273,20.850000381469727,19.100000381469727,19.700000762939453,19.700000762939453,104013
2009-04-28,19.25,19.899999618530273,18.5,18.649999618530273,18.649999618530273,55521
2009-04-29,19.549999237060547,19.549999237060547,18.5,18.850000381469727,18.850000381469727,24623
2009-04-30,18.600000381469727,18.600000381469727,18.600000381469727,18.600000381469727,18.600000381469727,0
2009-05-04,19.850000381469727,19.950000762939453,19.0,19.25,19.25,75557
2009-05-05,19.5,21.200000762939453,19.100000381469727,20.450000762939453,20.450000762939453,220453
2009-05-06,20.350000381469727,20.850000381469727,19.100000381469727,19.399999618530273,19.399999618530273,70674
2009-05-07,20.0,20.0,19.5,19.649999618530273,19.649999618530273,32993
2009-05-08,19.600000381469727,23.200000762939453,19.600000381469727,22.850000381469727,22.850000381469727,440571
2009-05-11,23.0,23.450000762939453,20.649999618530273,21.049999237060547,21.049999237060547,139981
2009-05-12,20.700000762939453,21.899999618530273,20.0,21.549999237060547,21.549999237060547,93949
2009-05-13,20.299999237060547,22.350000381469727,20.299999237060547,21.350000381469727,21.350000381469727,57212
2009-05-14,20.600000381469727,21.5,20.600000381469727,21.25,21.25,26735
2009-05-15,21.899999618530273,22.850000381469727,21.100000381469727,21.450000762939453,21.450000762939453,100161
2009-05-18,24.0,24.0,24.0,24.0,24.0,200
2009-05-19,24.0,26.0,22.0,23.75,23.75,218255
2009-05-20,23.200000762939453,27.899999618530273,23.200000762939453,26.75,26.75,218529
2009-05-21,27.200000762939453,32.099998474121094,27.200000762939453,30.25,30.25,593184
2009-05-22,30.899999618530273,31.450000762939453,28.25,29.950000762939453,29.950000762939453,221299
2009-05-25,31.0,32.95000076293945,30.200000762939453,32.75,32.75,267100
2009-05-26,33.099998474121094,33.95000076293945,29.5,29.5,29.5,258136
2009-05-27,30.100000381469727,31.799999237060547,29.649999618530273,30.450000762939453,30.450000762939453,103327
2009-05-28,30.100000381469727,31.0,29.549999237060547,30.25,30.25,83232
2009-05-29,31.0,32.75,30.5,31.649999618530273,31.649999618530273,147443
2009-06-01,34.0,34.5,30.600000381469727,32.70000076293945,32.70000076293945,114179
2009-06-02,33.0,33.95000076293945,30.75,31.350000381469727,31.350000381469727,172913
2009-06-03,32.0,32.95000076293945,31.399999618530273,32.04999923706055,32.04999923706055,140850
2009-06-04,31.899999618530273,34.70000076293945,31.5,34.0,34.0,251625
2009-06-05,35.29999923706055,35.29999923706055,32.04999923706055,32.54999923706055,32.54999923706055,166656
2009-06-08,32.79999923706055,32.95000076293945,29.299999237060547,29.299999237060547,29.299999237060547,197977
2009-06-09,29.0,31.0,27.100000381469727,29.5,29.5,189505
2009-06-10,30.049999237060547,30.899999618530273,27.100000381469727,28.149999618530273,28.149999618530273,236569
2009-06-11,28.600000381469727,29.799999237060547,28.049999237060547,28.5,28.5,99071
2009-06-12,28.399999618530273,28.75,27.0,27.149999618530273,27.149999618530273,102535
2009-06-15,26.950000762939453,27.100000381469727,25.600000381469727,25.75,25.75,69833
2009-06-16,25.350000381469727,27.450000762939453,24.649999618530273,26.799999237060547,26.799999237060547,80134
2009-06-17,25.799999237060547,27.600000381469727,25.149999618530273,25.399999618530273,25.399999618530273,81282
2009-06-18,25.850000381469727,25.850000381469727,23.299999237060547,23.75,23.75,59897
2009-06-19,24.0,24.549999237060547,23.299999237060547,23.850000381469727,23.850000381469727,50617
2009-06-22,23.850000381469727,25.75,23.850000381469727,24.600000381469727,24.600000381469727,55185
2009-06-23,24.0,24.899999618530273,23.25,24.600000381469727,24.600000381469727,36160
2009-06-24,24.75,25.700000762939453,24.049999237060547,25.350000381469727,25.350000381469727,32784
2009-06-25,25.5,25.950000762939453,24.5,24.75,24.75,21580
2009-06-26,25.5,25.5,24.600000381469727,24.950000762939453,24.950000762939453,39465
2009-06-29,25.5,27.450000762939453,25.149999618530273,27.450000762939453,27.450000762939453,76580
2009-06-30,29.0,30.200000762939453,28.549999237060547,30.100000381469727,30.100000381469727,440001
2009-07-01,32.849998474121094,33.150001525878906,31.899999618530273,33.150001525878906,33.150001525878906,568400
2009-07-02,34.849998474121094,34.849998474121094,34.20000076293945,34.849998474121094,34.849998474121094,354738
2009-07-03,36.599998474121094,36.599998474121094,35.70000076293945,36.599998474121094,36.599998474121094,148932
2009-07-06,38.45000076293945,38.45000076293945,34.79999923706055,34.79999923706055,34.79999923706055,343394
2009-07-07,34.5,34.5,33.099998474121094,33.099998474121094,33.099998474121094,70811
2009-07-08,32.0,32.0,31.450000762939453,31.450000762939453,31.450000762939453,33436
2009-07-09,29.899999618530273,33.04999923706055,29.899999618530273,33.04999923706055,33.04999923706055,290591
2009-07-10,34.45000076293945,34.70000076293945,31.399999618530273,31.450000762939453,31.450000762939453,102107
2009-07-13,31.450000762939453,33.04999923706055,30.299999237060547,33.04999923706055,33.04999923706055,27152
2009-07-14,30.299999237060547,33.04999923706055,30.100000381469727,33.04999923706055,33.04999923706055,36484
2009-07-15,31.0,33.04999923706055,30.0,33.04999923706055,33.04999923706055,36536
2009-07-16,34.04999923706055,34.04999923706055,31.100000381469727,33.04999923706055,33.04999923706055,107006
2009-07-17,34.04999923706055,35.599998474121094,33.5,35.599998474121094,35.599998474121094,84780
2009-07-20,36.900001525878906,36.900001525878906,34.54999923706055,35.04999923706055,35.04999923706055,47499
2009-07-21,35.5,36.0,33.599998474121094,34.75,34.75,54814
2009-07-22,35.0,36.0,33.70000076293945,34.849998474121094,34.849998474121094,104629
2009-07-23,34.0,36.0,34.0,35.20000076293945,35.20000076293945,43000
2009-07-24,33.5,35.400001525878906,33.5,34.5,34.5,36640
2009-07-27,34.599998474121094,35.400001525878906,32.75,34.0,34.0,58066
2009-07-28,34.0,34.75,32.70000076293945,33.79999923706055,33.79999923706055,25643
2009-07-29,34.79999923706055,34.79999923706055,32.150001525878906,33.150001525878906,33.150001525878906,33789
2009-07-30,32.5,33.5,32.5,32.75,32.75,15446
2009-07-31,33.0,33.45000076293945,31.700000762939453,33.0,33.0,20851
2009-08-03,33.0,33.45000076293945,32.5,32.900001525878906,32.900001525878906,23356
2009-08-04,33.0,34.0,32.54999923706055,33.400001525878906,33.400001525878906,46001
2009-08-05,33.900001525878906,33.900001525878906,32.599998474121094,32.95000076293945,32.95000076293945,20447
2009-08-06,33.0,34.0,32.099998474121094,33.04999923706055,33.04999923706055,25203
2009-08-07,32.5,32.900001525878906,31.600000381469727,31.899999618530273,31.899999618530273,21815
2009-08-10,32.04999923706055,32.349998474121094,30.299999237060547,30.850000381469727,30.850000381469727,28448
2009-08-11,30.200000762939453,31.399999618530273,29.5,30.450000762939453,30.450000762939453,16193
2009-08-12,30.450000762939453,30.899999618530273,29.0,30.5,30.5,11147
2009-08-13,31.149999618530273,31.850000381469727,30.350000381469727,31.850000381469727,31.850000381469727,23334
2009-08-14,33.400001525878906,33.400001525878906,31.649999618530273,32.400001525878906,32.400001525878906,29655
2009-08-17,32.70000076293945,32.95000076293945,30.700000762939453,30.950000762939453,30.950000762939453,23180
2009-08-18,30.950000762939453,30.950000762939453,30.950000762939453,30.950000762939453,30.950000762939453,0
2009-08-19,30.649999618530273,31.600000381469727,30.0,31.25,31.25,35320
2009-08-20,31.899999618530273,31.899999618530273,30.149999618530273,30.200000762939453,30.200000762939453,14791
2009-08-21,30.200000762939453,31.450000762939453,30.100000381469727,31.25,31.25,28334
2009-08-24,32.5,32.849998474121094,31.100000381469727,31.549999237060547,31.549999237060547,40173
2009-08-25,31.549999237060547,31.899999618530273,30.899999618530273,31.600000381469727,31.600000381469727,25777
2009-08-26,32.25,32.54999923706055,31.5,32.349998474121094,32.349998474121094,52174
2009-08-27,31.549999237060547,33.0,31.549999237060547,31.950000762939453,31.950000762939453,90550
2009-08-28,32.0,32.849998474121094,31.399999618530273,31.799999237060547,31.799999237060547,69923
2009-08-31,31.799999237060547,33.400001525878906,31.549999237060547,33.400001525878906,33.400001525878906,70128
2009-09-01,35.099998474121094,35.099998474121094,33.75,34.45000076293945,34.45000076293945,280523
2009-09-02,34.04999923706055,36.20000076293945,32.79999923706055,36.20000076293945,36.20000076293945,182484
2009-09-03,37.75,38.04999923706055,36.900001525878906,38.04999923706055,38.04999923706055,306041
2009-09-04,39.95000076293945,39.95000076293945,39.0,39.95000076293945,39.95000076293945,79225
2009-09-07,43.95000076293945,43.95000076293945,38.04999923706055,41.650001525878906,41.650001525878906,603436
2009-09-08,42.400001525878906,42.400001525878906,39.0,39.400001525878906,39.400001525878906,202880
2009-09-09,39.599998474121094,39.849998474121094,37.5,38.099998474121094,38.099998474121094,101755
2009-09-10,38.400001525878906,41.04999923706055,38.150001525878906,38.599998474121094,38.599998474121094,195050
2009-09-11,38.0,39.150001525878906,36.400001525878906,36.75,36.75,132486
2009-09-14,37.29999923706055,37.79999923706055,36.25,36.95000076293945,36.95000076293945,89034
2009-09-15,38.400001525878906,38.45000076293945,37.04999923706055,38.0,38.0,106114
2009-09-16,38.20000076293945,38.650001525878906,37.0,37.45000076293945,37.45000076293945,100415
2009-09-17,38.25,38.29999923706055,36.54999923706055,36.75,36.75,54938
2009-09-18,37.349998474121094,37.70000076293945,36.099998474121094,37.099998474121094,37.099998474121094,44885
2009-09-22,37.95000076293945,37.95000076293945,36.599998474121094,36.849998474121094,36.849998474121094,69572
2009-09-23,36.79999923706055,37.400001525878906,35.599998474121094,36.0,36.0,58809
2009-09-24,36.0,36.0,34.849998474121094,35.70000076293945,35.70000076293945,78681
2009-09-25,35.70000076293945,38.29999923706055,34.04999923706055,36.79999923706055,36.79999923706055,139674
2009-09-29,37.900001525878906,39.400001525878906,36.099998474121094,38.45000076293945,38.45000076293945,120812
2009-09-30,36.0,39.5,36.0,37.79999923706055,37.79999923706055,104866
2009-10-01,38.0,38.400001525878906,37.04999923706055,37.150001525878906,37.150001525878906,37800
2009-10-05,37.0,37.20000076293945,35.599998474121094,35.79999923706055,35.79999923706055,65538
2009-10-06,37.29999923706055,37.29999923706055,34.400001525878906,35.400001525878906,35.400001525878906,69175
2009-10-07,35.599998474121094,36.400001525878906,35.0,35.25,35.25,46302
2009-10-08,36.45000076293945,36.45000076293945,34.54999923706055,34.70000076293945,34.70000076293945,46119
2009-10-09,34.70000076293945,35.5,33.5,34.150001525878906,34.150001525878906,49647
2009-10-12,34.150001525878906,34.900001525878906,33.70000076293945,33.95000076293945,33.95000076293945,49513
2009-10-13,34.04999923706055,34.04999923706055,34.04999923706055,34.04999923706055,34.04999923706055,0
2009-10-14,34.75,34.75,34.0,34.20000076293945,34.20000076293945,31761
2009-10-15,34.849998474121094,35.400001525878906,33.599998474121094,33.79999923706055,33.79999923706055,44760
2009-10-16,33.95000076293945,34.5,33.099998474121094,33.349998474121094,33.349998474121094,97533
2009-10-20,34.04999923706055,34.75,33.599998474121094,34.150001525878906,34.150001525878906,39632
2009-10-21,33.75,34.150001525878906,33.25,33.45000076293945,33.45000076293945,39027
2009-10-22,33.5,33.70000076293945,32.150001525878906,32.5,32.5,51671
2009-10-23,33.0,33.650001525878906,32.45000076293945,32.599998474121094,32.599998474121094,31558
2009-10-26,33.45000076293945,33.45000076293945,31.799999237060547,32.099998474121094,32.099998474121094,29623
2009-10-27,30.149999618530273,31.950000762939453,29.75,30.299999237060547,30.299999237060547,54088
2009-10-28,30.649999618530273,30.649999618530273,28.149999618530273,29.649999618530273,29.649999618530273,35830
2009-10-29,28.5,29.950000762939453,28.25,29.649999618530273,29.649999618530273,34858
2009-10-30,30.149999618530273,31.899999618530273,29.149999618530273,29.649999618530273,29.649999618530273,54998
2009-11-03,29.5,30.549999237060547,27.100000381469727,27.350000381469727,27.350000381469727,41169
2009-11-04,27.600000381469727,28.450000762939453,25.25,27.600000381469727,27.600000381469727,55816
2009-11-05,28.100000381469727,28.75,27.600000381469727,28.600000381469727,28.600000381469727,29492
2009-11-06,29.950000762939453,30.0,28.799999237060547,29.049999237060547,29.049999237060547,65670
2009-11-09,29.200000762939453,34.900001525878906,29.200000762939453,34.900001525878906,34.900001525878906,295284
2009-11-10,36.45000076293945,37.29999923706055,32.599998474121094,33.04999923706055,33.04999923706055,298446
2009-11-11,37.400001525878906,37.400001525878906,32.400001525878906,33.25,33.25,105429
2009-11-12,33.25,35.5,33.0,33.79999923706055,33.79999923706055,143635
2009-11-13,33.25,34.54999923706055,31.850000381469727,32.400001525878906,32.400001525878906,76416
2009-11-16,33.0,34.5,32.75,33.150001525878906,33.150001525878906,49437
2009-11-17,33.54999923706055,33.54999923706055,32.599998474121094,33.150001525878906,33.150001525878906,44907
2009-11-18,34.0,39.79999923706055,34.0,39.79999923706055,39.79999923706055,1168132
2009-11-19,41.70000076293945,46.650001525878906,40.599998474121094,43.650001525878906,43.650001525878906,7501525
2009-11-20,42.95000076293945,43.400001525878906,40.849998474121094,41.349998474121094,41.349998474121094,1177671
2009-11-23,41.599998474121094,43.79999923706055,36.900001525878906,43.099998474121094,43.099998474121094,854266
2009-11-24,43.5,43.5,40.20000076293945,40.650001525878906,40.650001525878906,543924
2009-11-25,41.0,41.650001525878906,38.650001525878906,39.099998474121094,39.099998474121094,309303
2009-11-26,39.400001525878906,39.5,37.0,37.79999923706055,37.79999923706055,197315
2009-11-27,35.95000076293945,36.79999923706055,35.95000076293945,36.349998474121094,36.349998474121094,75039
2009-11-30,36.54999923706055,37.79999923706055,35.79999923706055,36.900001525878906,36.900001525878906,58997
2009-12-01,37.79999923706055,38.75,37.79999923706055,38.25,38.25,68680
2009-12-02,38.25,40.20000076293945,37.04999923706055,40.20000076293945,40.20000076293945,100484
2009-12-03,42.25,42.25,39.0,39.599998474121094,39.599998474121094,146742
2009-12-04,39.5,39.5,37.650001525878906,38.20000076293945,38.20000076293945,95621
2009-12-07,38.0,38.29999923706055,37.25,37.5,37.5,26686
2009-12-08,37.099998474121094,39.0,36.599998474121094,37.75,37.75,44141
2009-12-09,37.400001525878906,38.45000076293945,36.650001525878906,37.650001525878906,37.650001525878906,36793
2009-12-10,37.650001525878906,38.45000076293945,37.0,37.70000076293945,37.70000076293945,32956
2009-12-11,39.5,39.5,37.099998474121094,37.599998474121094,37.599998474121094,74552
2009-12-14,37.45000076293945,38.400001525878906,36.5,36.650001525878906,36.650001525878906,43052
2009-12-15,37.0,37.79999923706055,36.20000076293945,36.75,36.75,39473
2009-12-16,37.400001525878906,37.400001525878906,35.5,36.54999923706055,36.54999923706055,26633
2009-12-17,36.0,36.95000076293945,35.900001525878906,36.400001525878906,36.400001525878906,31711
2009-12-18,37.75,37.75,35.0,35.5,35.5,24401
2009-12-21,35.0,36.900001525878906,35.0,35.099998474121094,35.099998474121094,29628
2009-12-22,35.0,36.25,34.20000076293945,35.70000076293945,35.70000076293945,25978
2009-12-23,35.04999923706055,37.5,35.0,37.5,37.5,44545
2009-12-24,39.400001525878906,39.400001525878906,36.54999923706055,36.95000076293945,36.95000076293945,77765
2009-12-29,38.0,38.0,35.75,36.099998474121094,36.099998474121094,33096
2009-12-30,36.900001525878906,36.95000076293945,35.79999923706055,36.400001525878906,36.400001525878906,30611
2009-12-31,37.0,38.25,36.45000076293945,38.25,38.25,94248
2010-01-04,38.25,39.0,37.0,38.150001525878906,38.150001525878906,78296
2010-01-05,37.099998474121094,39.0,37.099998474121094,37.349998474121094,37.349998474121094,52623
2010-01-06,38.0,38.75,36.599998474121094,36.95000076293945,36.95000076293945,87650
2010-01-07,36.95000076293945,37.45000076293945,36.0,37.20000076293945,37.20000076293945,43746
2010-01-08,37.400001525878906,37.849998474121094,36.54999923706055,37.04999923706055,37.04999923706055,32551
2010-01-11,37.5,37.75,36.70000076293945,37.150001525878906,37.150001525878906,29503
2010-01-12,37.599998474121094,38.0,36.5,36.75,36.75,66123
2010-01-13,36.29999923706055,37.150001525878906,36.29999923706055,36.95000076293945,36.95000076293945,38853
2010-01-14,37.900001525878906,37.900001525878906,37.0,37.45000076293945,37.45000076293945,34940
2010-01-15,36.0,38.400001525878906,36.0,37.099998474121094,37.099998474121094,28331
2010-01-18,36.95000076293945,37.599998474121094,36.75,37.20000076293945,37.20000076293945,19792
2010-01-19,37.75,37.75,36.45000076293945,36.900001525878906,36.900001525878906,28784
2010-01-20,37.0,38.0,36.5,36.650001525878906,36.650001525878906,36720
2010-01-21,36.5,37.150001525878906,35.599998474121094,35.79999923706055,35.79999923706055,42497
2010-01-22,34.70000076293945,35.849998474121094,34.099998474121094,35.29999923706055,35.29999923706055,33600
2010-01-25,35.0,35.79999923706055,34.20000076293945,34.70000076293945,34.70000076293945,20991
2010-01-27,34.70000076293945,35.25,33.099998474121094,33.75,33.75,29321
2010-01-28,34.70000076293945,35.0,32.599998474121094,33.04999923706055,33.04999923706055,27971
2010-01-29,33.599998474121094,34.70000076293945,32.099998474121094,34.70000076293945,34.70000076293945,42993
2010-02-01,36.0,36.0,34.5,34.79999923706055,34.79999923706055,29737
2010-02-02,35.95000076293945,35.95000076293945,34.5,34.599998474121094,34.599998474121094,12981
2010-02-03,35.0,35.0,34.0,34.45000076293945,34.45000076293945,16990
2010-02-04,33.0,34.900001525878906,33.0,33.5,33.5,17447
2010-02-05,32.70000076293945,33.25,31.899999618530273,32.70000076293945,32.70000076293945,41374
2010-02-08,34.900001525878906,34.900001525878906,32.75,33.400001525878906,33.400001525878906,13946
2010-02-09,33.5,34.20000076293945,32.400001525878906,33.099998474121094,33.099998474121094,14994
2010-02-10,33.849998474121094,33.849998474121094,33.0,33.349998474121094,33.349998474121094,16804
2010-02-11,32.849998474121094,33.5,32.79999923706055,33.04999923706055,33.04999923706055,19431
2010-02-15,34.099998474121094,34.099998474121094,32.79999923706055,33.099998474121094,33.099998474121094,9990
2010-02-16,34.0,34.0,32.79999923706055,33.099998474121094,33.099998474121094,15060
2010-02-17,34.45000076293945,34.45000076293945,33.349998474121094,33.599998474121094,33.599998474121094,14564
2010-02-18,33.79999923706055,33.79999923706055,32.349998474121094,33.04999923706055,33.04999923706055,12231
2010-02-19,32.04999923706055,34.70000076293945,32.04999923706055,33.349998474121094,33.349998474121094,77705
2010-02-22,33.099998474121094,33.79999923706055,32.29999923706055,32.45000076293945,32.45000076293945,20408
2010-02-23,32.25,33.0,32.25,32.400001525878906,32.400001525878906,9873
2010-02-24,33.04999923706055,33.04999923706055,31.600000381469727,32.650001525878906,32.650001525878906,17339
2010-02-25,32.95000076293945,32.95000076293945,32.0,32.25,32.25,40159
2010-02-26,32.0,33.849998474121094,32.0,33.099998474121094,33.099998474121094,34731
2010-03-02,34.20000076293945,34.79999923706055,32.04999923706055,34.79999923706055,34.79999923706055,116692
2010-03-03,36.54999923706055,36.54999923706055,36.54999923706055,36.54999923706055,36.54999923706055,35455
2010-03-04,38.400001525878906,38.400001525878906,35.70000076293945,36.150001525878906,36.150001525878906,263036
2010-03-05,37.0,37.0,35.5,35.75,35.75,109626
2010-03-08,35.0,37.45000076293945,35.0,35.849998474121094,35.849998474121094,75173
2010-03-09,36.849998474121094,39.20000076293945,35.04999923706055,37.25,37.25,457006
2010-03-10,38.70000076293945,38.70000076293945,37.0,37.400001525878906,37.400001525878906,167818
2010-03-11,37.70000076293945,38.20000076293945,36.54999923706055,36.79999923706055,36.79999923706055,69337
2010-03-12,37.25,37.79999923706055,35.20000076293945,35.5,35.5,47885
2010-03-15,36.0,37.25,34.5,34.75,34.75,52855
2010-03-16,34.099998474121094,36.04999923706055,34.099998474121094,35.29999923706055,35.29999923706055,61918
2010-03-17,38.70000076293945,38.849998474121094,37.0,37.95000076293945,37.95000076293945,753870
2010-03-18,39.5,40.0,37.29999923706055,37.54999923706055,37.54999923706055,258592
2010-03-19,37.900001525878906,37.900001525878906,36.75,37.04999923706055,37.04999923706055,92654
2010-03-22,36.0,37.099998474121094,35.0,36.29999923706055,36.29999923706055,128861
2010-03-23,36.0,39.95000076293945,36.0,39.900001525878906,39.900001525878906,693406
2010-03-25,41.5,42.29999923706055,39.25,39.70000076293945,39.70000076293945,801833
2010-03-26,40.0,40.0,37.349998474121094,37.849998474121094,37.849998474121094,225419
2010-03-29,37.5,39.150001525878906,37.45000076293945,37.70000076293945,37.70000076293945,154150
2010-03-30,38.150001525878906,38.650001525878906,37.5,37.70000076293945,37.70000076293945,68456
2010-03-31,37.70000076293945,38.349998474121094,37.29999923706055,37.75,37.75,68702
2010-04-01,37.5,40.400001525878906,37.5,39.349998474121094,39.349998474121094,247937
2010-04-05,39.400001525878906,40.5,38.54999923706055,38.900001525878906,38.900001525878906,131705
2010-04-06,39.45000076293945,39.45000076293945,37.650001525878906,38.0,38.0,141082
2010-04-07,38.70000076293945,40.5,38.0,38.849998474121094,38.849998474121094,163990
2010-04-08,39.0,39.5,38.099998474121094,38.29999923706055,38.29999923706055,97652
2010-04-09,38.650001525878906,39.099998474121094,38.04999923706055,38.29999923706055,38.29999923706055,106275
2010-04-12,38.599998474121094,38.75,38.04999923706055,38.150001525878906,38.150001525878906,51080
2010-04-13,38.150001525878906,38.349998474121094,37.650001525878906,37.75,37.75,43976
2010-04-15,38.5,38.5,37.099998474121094,37.20000076293945,37.20000076293945,56698
2010-04-16,37.599998474121094,37.70000076293945,37.0,37.150001525878906,37.150001525878906,68442
2010-04-19,37.0,38.5,36.04999923706055,36.849998474121094,36.849998474121094,160634
2010-04-20,36.75,37.849998474121094,36.75,36.95000076293945,36.95000076293945,109250
2010-04-21,37.75,38.20000076293945,37.0,37.900001525878906,37.900001525878906,63604
2010-04-22,38.5,40.20000076293945,37.70000076293945,38.95000076293945,38.95000076293945,333734
2010-04-23,38.0,39.45000076293945,38.0,38.150001525878906,38.150001525878906,91123
2010-04-26,38.5,41.45000076293945,38.5,40.150001525878906,40.150001525878906,600795
2010-04-27,41.20000076293945,41.79999923706055,39.400001525878906,39.75,39.75,372923
2010-04-28,39.400001525878906,39.5,38.20000076293945,38.599998474121094,38.599998474121094,110797
2010-04-29,38.599998474121094,39.599998474121094,38.599998474121094,39.29999923706055,39.29999923706055,84268
2010-04-30,39.20000076293945,39.70000076293945,38.29999923706055,38.54999923706055,38.54999923706055,52162
2010-05-03,38.900001525878906,38.900001525878906,38.0,38.099998474121094,38.099998474121094,43466
2010-05-04,37.5,39.25,36.75,37.04999923706055,37.04999923706055,58283
2010-05-05,35.599998474121094,37.75,35.599998474121094,37.25,37.25,96867
2010-05-06,37.0,38.75,35.79999923706055,37.5,37.5,140060
2010-05-07,36.5,39.150001525878906,35.0,36.849998474121094,36.849998474121094,171597
2010-05-10,37.150001525878906,38.79999923706055,37.04999923706055,37.95000076293945,37.95000076293945,62418
2010-05-11,38.599998474121094,38.599998474121094,37.099998474121094,37.20000076293945,37.20000076293945,42594
2010-05-12,37.20000076293945,37.5,36.0,36.25,36.25,63196
2010-05-13,36.25,37.20000076293945,36.0,36.400001525878906,36.400001525878906,54710
2010-05-14,36.599998474121094,36.599998474121094,35.349998474121094,35.45000076293945,35.45000076293945,54700
2010-05-17,35.099998474121094,37.900001525878906,35.0,37.04999923706055,37.04999923706055,162886
2010-05-18,37.25,37.5,36.04999923706055,36.150001525878906,36.150001525878906,51220
2010-05-19,36.75,37.0,35.150001525878906,35.349998474121094,35.349998474121094,95006
2010-05-20,35.349998474121094,36.0,35.0,35.150001525878906,35.150001525878906,35779
2010-05-21,34.95000076293945,34.95000076293945,34.0,34.29999923706055,34.29999923706055,62698
2010-05-24,36.20000076293945,36.20000076293945,34.599998474121094,34.900001525878906,34.900001525878906,40507
2010-05-25,33.150001525878906,35.20000076293945,33.150001525878906,33.70000076293945,33.70000076293945,66719
2010-05-26,34.099998474121094,34.70000076293945,34.0,34.150001525878906,34.150001525878906,45530
2010-05-27,34.5,36.400001525878906,34.25,35.0,35.0,153485
2010-05-28,35.650001525878906,36.400001525878906,35.099998474121094,35.70000076293945,35.70000076293945,170531
2010-05-31,36.0,36.349998474121094,35.29999923706055,35.70000076293945,35.70000076293945,44661
2010-06-01,36.0,36.0,34.599998474121094,34.75,34.75,60319
2010-06-02,35.0,35.45000076293945,34.29999923706055,34.54999923706055,34.54999923706055,68996
2010-06-03,35.0,35.45000076293945,34.400001525878906,34.599998474121094,34.599998474121094,59763
2010-06-04,34.25,35.400001525878906,34.25,34.599998474121094,34.599998474121094,34963
2010-06-07,34.0,34.29999923706055,33.5,33.79999923706055,33.79999923706055,34741
2010-06-08,34.0,34.599998474121094,33.099998474121094,33.29999923706055,33.29999923706055,45097
2010-06-09,33.900001525878906,34.25,33.150001525878906,33.45000076293945,33.45000076293945,35807
2010-06-10,33.900001525878906,34.95000076293945,33.45000076293945,33.70000076293945,33.70000076293945,74676
2010-06-11,34.0,34.70000076293945,33.75,33.900001525878906,33.900001525878906,46776
2010-06-14,34.20000076293945,34.54999923706055,33.79999923706055,34.25,34.25,28438
2010-06-15,34.400001525878906,34.599998474121094,33.95000076293945,34.099998474121094,34.099998474121094,38113
2010-06-16,34.599998474121094,38.20000076293945,34.599998474121094,36.45000076293945,36.45000076293945,501071
2010-06-17,37.900001525878906,38.79999923706055,37.25,37.599998474121094,37.599998474121094,462676
2010-06-18,38.0,38.0,35.79999923706055,36.04999923706055,36.04999923706055,73696
2010-06-21,36.25,38.04999923706055,33.04999923706055,37.29999923706055,37.29999923706055,157913
2010-06-22,37.099998474121094,37.45000076293945,36.75,37.0,37.0,34076
2010-06-23,37.0,42.900001525878906,36.599998474121094,40.5,40.5,944966
2010-06-24,41.0,42.099998474121094,39.20000076293945,39.70000076293945,39.70000076293945,457644
2010-06-25,39.70000076293945,41.79999923706055,38.650001525878906,39.150001525878906,39.150001525878906,284103
2010-06-28,39.599998474121094,41.5,38.599998474121094,40.150001525878906,40.150001525878906,174884
2010-06-29,40.400001525878906,43.75,39.54999923706055,42.79999923706055,42.79999923706055,2892320
2010-06-30,41.849998474121094,42.400001525878906,40.599998474121094,41.70000076293945,41.70000076293945,592847
2010-07-01,41.0,42.75,40.29999923706055,42.20000076293945,42.20000076293945,452876
2010-07-02,43.400001525878906,47.79999923706055,42.650001525878906,43.0,43.0,1178122
2010-07-05,42.0,43.400001525878906,40.95000076293945,41.29999923706055,41.29999923706055,199756
2010-07-06,41.349998474121094,42.70000076293945,41.04999923706055,41.900001525878906,41.900001525878906,211418
2010-07-07,42.5,42.54999923706055,40.5,40.599998474121094,40.599998474121094,152774
2010-07-08,41.04999923706055,41.95000076293945,40.5,40.599998474121094,40.599998474121094,160947
2010-07-09,40.75,42.349998474121094,40.75,41.20000076293945,41.20000076293945,267964
2010-07-12,41.400001525878906,41.70000076293945,40.099998474121094,40.599998474121094,40.599998474121094,88640
2010-07-13,40.29999923706055,41.0,40.29999923706055,40.45000076293945,40.45000076293945,54893
2010-07-14,40.70000076293945,41.0,39.04999923706055,39.25,39.25,110635
2010-07-15,39.900001525878906,40.900001525878906,39.099998474121094,39.900001525878906,39.900001525878906,179798
2010-07-16,39.54999923706055,40.79999923706055,39.5,39.650001525878906,39.650001525878906,68260
2010-07-19,40.20000076293945,41.650001525878906,39.349998474121094,40.900001525878906,40.900001525878906,413450
2010-07-20,41.400001525878906,41.45000076293945,40.04999923706055,40.349998474121094,40.349998474121094,96631
2010-07-21,40.5,40.70000076293945,39.599998474121094,39.75,39.75,66042
2010-07-22,39.79999923706055,40.20000076293945,39.25,39.54999923706055,39.54999923706055,62064
2010-07-23,40.0,40.25,39.0,39.20000076293945,39.20000076293945,65143
2010-07-26,39.0,39.70000076293945,38.599998474121094,38.79999923706055,38.79999923706055,51512
2010-07-27,38.900001525878906,39.75,38.349998474121094,38.650001525878906,38.650001525878906,71217
2010-07-28,38.75,38.75,37.5,37.599998474121094,37.599998474121094,73275
2010-07-29,37.599998474121094,38.20000076293945,37.0,37.150001525878906,37.150001525878906,70525
2010-07-30,37.099998474121094,37.849998474121094,36.5,36.650001525878906,36.650001525878906,88768
2010-08-02,37.0,37.5,36.599998474121094,37.099998474121094,37.099998474121094,79620
2010-08-03,37.150001525878906,37.75,36.599998474121094,36.75,36.75,65016
2010-08-04,36.5,39.20000076293945,36.5,38.54999923706055,38.54999923706055,212589
2010-08-05,38.79999923706055,39.0,37.79999923706055,38.04999923706055,38.04999923706055,113552
2010-08-06,37.5,39.29999923706055,37.5,38.04999923706055,38.04999923706055,108381
2010-08-09,38.5,39.0,37.95000076293945,38.099998474121094,38.099998474121094,48561
2010-08-10,38.20000076293945,40.5,37.54999923706055,38.75,38.75,228607
2010-08-11,38.900001525878906,39.0,37.599998474121094,37.75,37.75,63152
2010-08-12,37.599998474121094,37.95000076293945,37.20000076293945,37.349998474121094,37.349998474121094,63287
2010-08-13,37.150001525878906,37.900001525878906,37.099998474121094,37.25,37.25,83383
2010-08-16,37.650001525878906,38.54999923706055,36.599998474121094,36.849998474121094,36.849998474121094,92081
2010-08-17,37.0,37.650001525878906,36.79999923706055,36.900001525878906,36.900001525878906,41941
2010-08-18,37.0,37.599998474121094,36.849998474121094,37.150001525878906,37.150001525878906,51789
2010-08-19,37.04999923706055,37.599998474121094,37.0,37.29999923706055,37.29999923706055,54459
2010-08-20,37.099998474121094,38.70000076293945,37.099998474121094,37.54999923706055,37.54999923706055,140444
2010-08-23,38.0,38.0,37.25,37.70000076293945,37.70000076293945,71069
2010-08-24,37.900001525878906,37.900001525878906,36.70000076293945,36.95000076293945,36.95000076293945,56946
2010-08-25,37.0,37.20000076293945,36.0,36.150001525878906,36.150001525878906,85742
2010-08-26,36.79999923706055,36.79999923706055,36.0,36.20000076293945,36.20000076293945,68933
2010-08-27,36.599998474121094,37.400001525878906,35.79999923706055,35.900001525878906,35.900001525878906,92863
2010-08-30,36.75,36.95000076293945,35.349998474121094,35.5,35.5,53625
2010-08-31,35.95000076293945,36.0,34.599998474121094,34.79999923706055,34.79999923706055,79176
2010-09-01,35.0,35.70000076293945,34.900001525878906,35.099998474121094,35.099998474121094,66723
2010-09-02,35.75,35.900001525878906,35.099998474121094,35.599998474121094,35.599998474121094,51861
2010-09-03,36.75,36.75,35.099998474121094,35.75,35.75,65302
2010-09-06,36.0,38.599998474121094,36.0,38.150001525878906,38.150001525878906,262108
2010-09-07,38.650001525878906,38.650001525878906,37.0,37.150001525878906,37.150001525878906,84218
2010-09-08,37.5,37.5,36.599998474121094,37.0,37.0,59731
2010-09-09,36.849998474121094,37.75,36.75,36.95000076293945,36.95000076293945,54876
2010-09-13,37.04999923706055,41.04999923706055,37.04999923706055,39.25,39.25,862131
2010-09-14,39.79999923706055,46.400001525878906,39.29999923706055,42.95000076293945,42.95000076293945,6282845
2010-09-15,44.04999923706055,44.04999923706055,41.45000076293945,41.79999923706055,41.79999923706055,1208187
2010-09-16,40.599998474121094,42.150001525878906,40.099998474121094,40.5,40.5,419711
2010-09-17,40.900001525878906,44.150001525878906,40.20000076293945,42.599998474121094,42.599998474121094,909978
2010-09-20,42.099998474121094,43.099998474121094,41.29999923706055,41.650001525878906,41.650001525878906,270714
2010-09-21,41.650001525878906,42.400001525878906,40.0,40.349998474121094,40.349998474121094,227035
2010-09-22,40.150001525878906,40.849998474121094,38.79999923706055,39.400001525878906,39.400001525878906,198831
2010-09-23,39.349998474121094,41.75,38.20000076293945,40.25,40.25,307196
2010-09-24,40.20000076293945,41.0,39.849998474121094,40.04999923706055,40.04999923706055,92842
2010-09-27,40.900001525878906,40.900001525878906,39.5,39.70000076293945,39.70000076293945,67240
2010-09-28,39.900001525878906,40.400001525878906,39.150001525878906,39.349998474121094,39.349998474121094,105898
2010-09-29,39.95000076293945,39.95000076293945,38.20000076293945,38.400001525878906,38.400001525878906,92511
2010-09-30,38.650001525878906,42.150001525878906,38.150001525878906,40.0,40.0,738747
2010-10-01,40.54999923706055,41.349998474121094,40.04999923706055,40.20000076293945,40.20000076293945,186534
2010-10-04,40.5,41.150001525878906,38.25,39.54999923706055,39.54999923706055,121672
2010-10-05,38.25,41.099998474121094,38.25,39.79999923706055,39.79999923706055,164752
2010-10-06,40.20000076293945,41.150001525878906,40.20000076293945,40.599998474121094,40.599998474121094,153194
2010-10-07,40.54999923706055,42.400001525878906,39.70000076293945,40.0,40.0,472442
2010-10-08,40.5,40.900001525878906,39.54999923706055,39.95000076293945,39.95000076293945,142282
2010-10-11,40.599998474121094,41.5,40.0,40.25,40.25,187642
2010-10-12,40.20000076293945,40.70000076293945,39.5,39.849998474121094,39.849998474121094,94830
2010-10-13,39.849998474121094,41.5,39.849998474121094,40.20000076293945,40.20000076293945,309841
2010-10-14,40.650001525878906,40.70000076293945,39.29999923706055,39.599998474121094,39.599998474121094,124844
2010-10-15,40.0,40.400001525878906,39.0,39.150001525878906,39.150001525878906,108288
2010-10-18,39.25,39.400001525878906,38.29999923706055,38.650001525878906,38.650001525878906,74644
2010-10-19,39.0,39.95000076293945,38.29999923706055,38.349998474121094,38.349998474121094,83134
2010-10-20,38.5,39.70000076293945,38.04999923706055,38.29999923706055,38.29999923706055,186340
2010-10-21,38.099998474121094,39.29999923706055,38.099998474121094,38.650001525878906,38.650001525878906,89708
2010-10-22,39.0,39.5,38.0,38.25,38.25,130587
2010-10-25,38.650001525878906,39.150001525878906,37.900001525878906,38.20000076293945,38.20000076293945,73868
2010-10-26,38.349998474121094,40.349998474121094,38.25,38.849998474121094,38.849998474121094,344490
2010-10-27,38.75,39.099998474121094,38.0,38.099998474121094,38.099998474121094,145661
2010-10-28,38.349998474121094,38.650001525878906,37.849998474121094,38.099998474121094,38.099998474121094,71155
2010-10-29,38.0,38.400001525878906,37.099998474121094,37.349998474121094,37.349998474121094,73151
2010-11-01,38.0,38.79999923706055,37.25,37.400001525878906,37.400001525878906,53199
2010-11-02,37.54999923706055,38.099998474121094,37.25,37.349998474121094,37.349998474121094,43166
2010-11-03,37.599998474121094,38.650001525878906,37.54999923706055,37.849998474121094,37.849998474121094,135741
2010-11-04,37.599998474121094,38.20000076293945,37.599998474121094,37.849998474121094,37.849998474121094,41582
2010-11-08,38.45000076293945,38.95000076293945,37.5,38.54999923706055,38.54999923706055,76073
2010-11-09,38.95000076293945,41.25,38.29999923706055,40.599998474121094,40.599998474121094,606211
2010-11-10,40.79999923706055,45.650001525878906,40.099998474121094,42.25,42.25,1891349
2010-11-11,42.900001525878906,43.45000076293945,40.099998474121094,40.599998474121094,40.599998474121094,286865
2010-11-12,41.0,41.79999923706055,39.0,39.25,39.25,210756
2010-11-15,39.0,39.79999923706055,38.5,39.349998474121094,39.349998474121094,119922
2010-11-16,39.0,39.400001525878906,37.5,37.70000076293945,37.70000076293945,119789
2010-11-18,38.0,38.20000076293945,36.20000076293945,36.849998474121094,36.849998474121094,83114
2010-11-19,37.400001525878906,38.150001525878906,36.25,36.70000076293945,36.70000076293945,139089
2010-11-22,36.349998474121094,37.599998474121094,36.29999923706055,37.0,37.0,73663
2010-11-23,37.45000076293945,37.45000076293945,34.5,36.349998474121094,36.349998474121094,85157
2010-11-24,36.70000076293945,37.5,35.099998474121094,35.599998474121094,35.599998474121094,79644
2010-11-25,36.0,36.400001525878906,35.0,35.20000076293945,35.20000076293945,62197
2010-11-26,35.0,35.400001525878906,31.850000381469727,32.54999923706055,32.54999923706055,133961
2010-11-29,33.099998474121094,33.599998474121094,31.5,33.29999923706055,33.29999923706055,49232
2010-11-30,33.900001525878906,34.900001525878906,32.70000076293945,33.400001525878906,33.400001525878906,113771
2010-12-01,34.0,35.650001525878906,33.599998474121094,35.25,35.25,100055
2010-12-02,35.29999923706055,36.20000076293945,35.150001525878906,35.400001525878906,35.400001525878906,98149
2010-12-03,35.70000076293945,35.70000076293945,33.25,33.650001525878906,33.650001525878906,92545
2010-12-06,33.95000076293945,34.45000076293945,33.5,33.79999923706055,33.79999923706055,54044
2010-12-07,33.650001525878906,34.29999923706055,33.20000076293945,33.29999923706055,33.29999923706055,39577
2010-12-08,33.650001525878906,33.650001525878906,32.54999923706055,32.650001525878906,32.650001525878906,43801
2010-12-09,32.79999923706055,32.79999923706055,30.649999618530273,30.950000762939453,30.950000762939453,76665
2010-12-10,30.649999618530273,31.75,30.0,31.25,31.25,72710
2010-12-13,31.5,32.29999923706055,31.149999618530273,32.04999923706055,32.04999923706055,34123
2010-12-14,32.599998474121094,32.900001525878906,31.799999237060547,32.54999923706055,32.54999923706055,72366
2010-12-15,32.5,33.5,31.700000762939453,31.950000762939453,31.950000762939453,46959
2010-12-16,32.400001525878906,32.400001525878906,31.299999237060547,31.850000381469727,31.850000381469727,39866
2010-12-20,32.0,32.5,31.549999237060547,32.0,32.0,22869
2010-12-21,32.0,33.25,32.0,32.099998474121094,32.099998474121094,79790
2010-12-22,32.25,32.75,31.799999237060547,31.899999618530273,31.899999618530273,39457
2010-12-23,32.0,32.70000076293945,32.0,32.20000076293945,32.20000076293945,19908
2010-12-24,32.150001525878906,32.150001525878906,31.549999237060547,31.75,31.75,41322
2010-12-27,31.549999237060547,32.5,31.549999237060547,31.75,31.75,20637
2010-12-28,32.29999923706055,32.29999923706055,31.600000381469727,31.700000762939453,31.700000762939453,19758
2010-12-29,31.700000762939453,33.0,31.700000762939453,32.400001525878906,32.400001525878906,93357
2010-12-30,32.650001525878906,32.650001525878906,32.099998474121094,32.349998474121094,32.349998474121094,42674
2010-12-31,32.599998474121094,33.5,32.400001525878906,32.900001525878906,32.900001525878906,101382
2011-01-03,33.400001525878906,34.400001525878906,33.150001525878906,33.95000076293945,33.95000076293945,117221
2011-01-04,34.25,34.5,33.04999923706055,33.29999923706055,33.29999923706055,97137
2011-01-05,33.29999923706055,33.400001525878906,32.599998474121094,32.75,32.75,57257
2011-01-06,33.0,33.25,32.45000076293945,32.70000076293945,32.70000076293945,22592
2011-01-07,32.150001525878906,32.650001525878906,31.299999237060547,31.5,31.5,41969
2011-01-10,31.899999618530273,31.899999618530273,30.100000381469727,30.399999618530273,30.399999618530273,76108
2011-01-11,30.600000381469727,30.950000762939453,29.600000381469727,30.0,30.0,51521
2011-01-12,30.5,30.5,29.350000381469727,30.25,30.25,55226
2011-01-13,28.200000762939453,30.700000762939453,28.200000762939453,29.75,29.75,44159
2011-01-14,29.75,30.25,29.5,29.649999618530273,29.649999618530273,16590
2011-01-17,30.600000381469727,30.600000381469727,28.549999237060547,28.799999237060547,28.799999237060547,38160
2011-01-18,29.100000381469727,30.0,28.5,28.700000762939453,28.700000762939453,28743
2011-01-19,29.399999618530273,29.399999618530273,28.5,28.600000381469727,28.600000381469727,19009
2011-01-20,28.850000381469727,28.850000381469727,28.049999237060547,28.549999237060547,28.549999237060547,33569
2011-01-21,28.299999237060547,28.899999618530273,28.200000762939453,28.450000762939453,28.450000762939453,19733
2011-01-24,28.700000762939453,29.100000381469727,28.0,28.149999618530273,28.149999618530273,35179
2011-01-25,28.350000381469727,28.700000762939453,28.0,28.049999237060547,28.049999237060547,42502
2011-01-27,28.25,28.25,27.399999618530273,27.700000762939453,27.700000762939453,27454
2011-01-28,27.100000381469727,27.450000762939453,25.25,25.850000381469727,25.850000381469727,53280
2011-01-31,25.5,25.600000381469727,24.350000381469727,25.399999618530273,25.399999618530273,36813
2011-02-01,25.600000381469727,25.600000381469727,24.049999237060547,24.25,24.25,30795
2011-02-02,24.5,25.0,24.0,24.149999618530273,24.149999618530273,32418
2011-02-03,24.0,24.649999618530273,24.0,24.299999237060547,24.299999237060547,29355
2011-02-04,24.5,25.0,23.5,23.899999618530273,23.899999618530273,37356
2011-02-07,23.799999237060547,24.350000381469727,23.25,23.450000762939453,23.450000762939453,33167
2011-02-08,23.200000762939453,23.899999618530273,22.399999618530273,22.549999237060547,22.549999237060547,26363
2011-02-09,22.5,23.25,20.5,21.200000762939453,21.200000762939453,54235
2011-02-10,21.25,21.25,19.5,20.350000381469727,20.350000381469727,61995
2011-02-11,20.25,22.25,20.0,21.799999237060547,21.799999237060547,52395
2011-02-14,23.0,25.0,22.100000381469727,24.350000381469727,24.350000381469727,102665
2011-02-15,24.5,24.899999618530273,23.100000381469727,23.700000762939453,23.700000762939453,51550
2011-02-16,23.350000381469727,24.5,22.450000762939453,24.0,24.0,36883
2011-02-17,24.899999618530273,25.0,23.850000381469727,24.549999237060547,24.549999237060547,31742
2011-02-18,24.75,25.25,23.5,23.700000762939453,23.700000762939453,46313
2011-02-21,23.5,23.850000381469727,22.75,23.549999237060547,23.549999237060547,19213
2011-02-22,23.399999618530273,23.899999618530273,23.0,23.100000381469727,23.100000381469727,14815
2011-02-23,23.0,24.700000762939453,22.549999237060547,23.600000381469727,23.600000381469727,37200
2011-02-24,23.0,23.399999618530273,21.549999237060547,21.950000762939453,21.950000762939453,47089
2011-02-25,21.649999618530273,22.899999618530273,21.149999618530273,22.5,22.5,26198
2011-02-28,22.549999237060547,23.200000762939453,22.0,22.049999237060547,22.049999237060547,23366
2011-03-01,22.600000381469727,23.100000381469727,22.25,23.0,23.0,25750
2011-03-03,22.799999237060547,23.75,22.649999618530273,23.200000762939453,23.200000762939453,28580
2011-03-04,23.299999237060547,23.700000762939453,23.200000762939453,23.549999237060547,23.549999237060547,49068
2011-03-07,25.0,25.0,22.549999237060547,22.799999237060547,22.799999237060547,119629
2011-03-08,22.799999237060547,23.399999618530273,22.700000762939453,22.950000762939453,22.950000762939453,27376
2011-03-09,23.0,23.25,22.549999237060547,22.850000381469727,22.850000381469727,14759
2011-03-10,23.049999237060547,23.100000381469727,22.299999237060547,22.850000381469727,22.850000381469727,17045
2011-03-11,22.899999618530273,23.200000762939453,21.100000381469727,22.0,22.0,26087
2011-03-14,21.799999237060547,22.450000762939453,21.799999237060547,22.100000381469727,22.100000381469727,27416
2011-03-15,21.799999237060547,22.600000381469727,21.399999618530273,22.049999237060547,22.049999237060547,19897
2011-03-16,22.0,23.0,21.200000762939453,21.850000381469727,21.850000381469727,41772
2011-03-17,21.799999237060547,22.549999237060547,21.600000381469727,21.75,21.75,38615
2011-03-18,22.0,22.200000762939453,21.75,21.850000381469727,21.850000381469727,11010
2011-03-21,22.0,22.149999618530273,21.600000381469727,21.649999618530273,21.649999618530273,28195
2011-03-22,21.850000381469727,22.200000762939453,21.649999618530273,21.75,21.75,24110
2011-03-23,21.850000381469727,22.649999618530273,21.799999237060547,22.299999237060547,22.299999237060547,96109
2011-03-24,22.549999237060547,22.75,22.25,22.399999618530273,22.399999618530273,31318
2011-03-25,23.149999618530273,23.25,22.149999618530273,22.299999237060547,22.299999237060547,35426
2011-03-28,22.75,22.899999618530273,21.850000381469727,22.0,22.0,56447
2011-03-29,22.399999618530273,22.450000762939453,21.600000381469727,21.799999237060547,21.799999237060547,52302
2011-03-30,22.299999237060547,22.399999618530273,22.100000381469727,22.25,22.25,28632
2011-03-31,22.299999237060547,22.700000762939453,22.0,22.049999237060547,22.049999237060547,31179
2011-04-01,22.100000381469727,23.799999237060547,22.100000381469727,23.350000381469727,23.350000381469727,89923
2011-04-04,23.700000762939453,24.5,23.5,24.200000762939453,24.200000762939453,69823
2011-04-05,24.700000762939453,29.049999237060547,24.049999237060547,29.049999237060547,29.049999237060547,552983
2011-04-06,30.899999618530273,31.899999618530273,30.149999618530273,31.100000381469727,31.100000381469727,1397267
2011-04-07,31.149999618530273,31.149999618530273,29.350000381469727,29.950000762939453,29.950000762939453,171638
2011-04-08,30.399999618530273,30.399999618530273,28.25,28.549999237060547,28.549999237060547,116857
2011-04-11,28.600000381469727,28.850000381469727,26.5,27.049999237060547,27.049999237060547,114885
2011-04-13,26.399999618530273,28.399999618530273,26.149999618530273,27.649999618530273,27.649999618530273,117817
2011-04-15,27.850000381469727,28.549999237060547,27.100000381469727,27.450000762939453,27.450000762939453,73337
2011-04-18,27.25,28.850000381469727,27.25,27.700000762939453,27.700000762939453,59346
2011-04-19,27.549999237060547,28.5,26.649999618530273,27.25,27.25,16159
2011-04-20,26.049999237060547,28.0,26.049999237060547,27.149999618530273,27.149999618530273,20582
2011-04-21,27.850000381469727,27.899999618530273,26.549999237060547,26.799999237060547,26.799999237060547,10964
2011-04-25,27.0,27.850000381469727,26.0,26.450000762939453,26.450000762939453,11256
2011-04-26,27.299999237060547,27.299999237060547,25.649999618530273,25.950000762939453,25.950000762939453,11286
2011-04-27,26.049999237060547,26.799999237060547,25.0,25.799999237060547,25.799999237060547,12390
2011-04-28,25.5,26.149999618530273,25.450000762939453,25.649999618530273,25.649999618530273,11435
2011-04-29,25.5,26.25,25.0,25.549999237060547,25.549999237060547,13670
2011-05-02,26.0,26.0,25.100000381469727,25.450000762939453,25.450000762939453,17258
2011-05-03,25.149999618530273,25.600000381469727,25.149999618530273,25.299999237060547,25.299999237060547,5566
2011-05-04,26.399999618530273,26.399999618530273,24.25,24.799999237060547,24.799999237060547,31874
2011-05-05,25.0,25.200000762939453,23.600000381469727,23.950000762939453,23.950000762939453,22239
2011-05-06,24.0,24.799999237060547,23.799999237060547,24.350000381469727,24.350000381469727,15615
2011-05-09,24.0,24.850000381469727,23.649999618530273,23.850000381469727,23.850000381469727,19243
2011-05-10,23.049999237060547,24.350000381469727,23.049999237060547,23.700000762939453,23.700000762939453,8893
2011-05-11,23.700000762939453,24.25,23.5,23.799999237060547,23.799999237060547,9376
2011-05-12,24.0,24.149999618530273,23.25,23.399999618530273,23.399999618530273,8139
2011-05-13,23.399999618530273,24.0,23.0,23.75,23.75,6641
2011-05-16,23.549999237060547,24.0,23.149999618530273,23.899999618530273,23.899999618530273,12750
2011-05-17,23.149999618530273,24.25,23.149999618530273,23.549999237060547,23.549999237060547,7692
2011-05-18,23.399999618530273,23.649999618530273,23.100000381469727,23.25,23.25,6534
2011-05-19,23.100000381469727,23.5,22.149999618530273,22.700000762939453,22.700000762939453,6524
2011-05-20,22.25,23.25,22.25,23.0,23.0,7277
2011-05-23,22.299999237060547,22.75,21.899999618530273,22.25,22.25,20140
2011-05-24,21.799999237060547,22.5,21.799999237060547,22.100000381469727,22.100000381469727,6013
2011-05-25,21.799999237060547,22.899999618530273,21.75,22.149999618530273,22.149999618530273,16400
2011-05-26,22.25,22.649999618530273,22.0,22.399999618530273,22.399999618530273,8999
2011-05-27,22.600000381469727,23.25,22.25,23.0,23.0,22292
2011-05-30,23.549999237060547,24.149999618530273,23.549999237060547,24.149999618530273,24.149999618530273,22646
2011-05-31,24.899999618530273,25.399999618530273,24.799999237060547,25.399999618530273,25.399999618530273,43787
2011-06-01,26.0,26.549999237060547,24.149999618530273,25.100000381469727,25.100000381469727,38600
2011-06-02,24.0,25.200000762939453,24.0,24.399999618530273,24.399999618530273,18853
2011-06-03,24.75,24.75,23.75,23.799999237060547,23.799999237060547,15607
2011-06-06,24.450000762939453,25.0,23.100000381469727,23.399999618530273,23.399999618530273,9343
2011-06-07,23.700000762939453,23.700000762939453,23.149999618530273,23.549999237060547,23.549999237060547,7223
2011-06-08,23.299999237060547,23.850000381469727,23.299999237060547,23.600000381469727,23.600000381469727,6066
2011-06-09,24.100000381469727,24.100000381469727,23.100000381469727,23.399999618530273,23.399999618530273,3790
2011-06-10,24.0,24.0,23.399999618530273,23.75,23.75,11460
2011-06-13,23.700000762939453,24.0,23.350000381469727,23.850000381469727,23.850000381469727,7905
2011-06-14,23.549999237060547,24.899999618530273,23.549999237060547,24.299999237060547,24.299999237060547,10319
2011-06-15,24.25,24.25,23.899999618530273,23.950000762939453,23.950000762939453,10910
2011-06-16,23.5,24.5,23.5,24.200000762939453,24.200000762939453,10071
2011-06-17,23.549999237060547,24.399999618530273,23.5,23.549999237060547,23.549999237060547,12847
2011-06-20,23.5,23.799999237060547,22.399999618530273,22.5,22.5,33700
2011-06-21,22.5,23.0,22.100000381469727,22.350000381469727,22.350000381469727,15520
2011-06-22,23.100000381469727,23.100000381469727,21.899999618530273,22.450000762939453,22.450000762939453,21475
2011-06-23,21.75,22.5,21.75,22.149999618530273,22.149999618530273,11553
2011-06-24,22.700000762939453,23.299999237060547,22.149999618530273,23.299999237060547,23.299999237060547,35752
2011-06-27,23.850000381469727,23.950000762939453,23.149999618530273,23.399999618530273,23.399999618530273,35366
2011-06-28,23.649999618530273,23.850000381469727,22.850000381469727,23.100000381469727,23.100000381469727,17355
2011-06-29,22.5,23.799999237060547,22.5,23.399999618530273,23.399999618530273,20218
2011-06-30,23.549999237060547,24.549999237060547,23.100000381469727,24.299999237060547,24.299999237060547,46854
2011-07-01,25.0,25.549999237060547,24.25,25.200000762939453,25.200000762939453,63702
2011-07-04,25.899999618530273,26.049999237060547,24.399999618530273,24.649999618530273,24.649999618530273,35622
2011-07-05,23.75,25.600000381469727,23.75,24.799999237060547,24.799999237060547,22555
2011-07-06,25.149999618530273,25.149999618530273,24.299999237060547,24.399999618530273,24.399999618530273,20266
2011-07-07,24.549999237060547,24.700000762939453,24.299999237060547,24.600000381469727,24.600000381469727,14988
2011-07-08,24.75,25.149999618530273,24.350000381469727,24.5,24.5,27695
2011-07-11,25.350000381469727,25.399999618530273,23.600000381469727,24.25,24.25,25642
2011-07-12,24.299999237060547,26.700000762939453,24.299999237060547,26.700000762939453,26.700000762939453,475061
2011-07-13,27.0,27.950000762939453,25.399999618530273,25.700000762939453,25.700000762939453,263809
2011-07-14,25.549999237060547,26.649999618530273,25.350000381469727,25.549999237060547,25.549999237060547,36977
2011-07-15,25.399999618530273,26.5,25.100000381469727,25.399999618530273,25.399999618530273,44495
2011-07-18,26.899999618530273,27.700000762939453,25.899999618530273,26.899999618530273,26.899999618530273,383340
2011-07-19,26.299999237060547,26.950000762939453,26.049999237060547,26.299999237060547,26.299999237060547,71075
2011-07-20,26.25,27.799999237060547,25.549999237060547,25.700000762939453,25.700000762939453,49243
2011-07-21,26.25,26.25,25.049999237060547,25.350000381469727,25.350000381469727,33918
2011-07-22,25.649999618530273,25.850000381469727,25.100000381469727,25.299999237060547,25.299999237060547,29885
2011-07-25,25.299999237060547,27.200000762939453,24.799999237060547,26.75,26.75,91657
2011-07-26,26.75,26.799999237060547,25.25,25.5,25.5,47868
2011-07-27,25.299999237060547,26.450000762939453,25.100000381469727,25.399999618530273,25.399999618530273,43239
2011-07-28,24.5,25.5,24.5,25.399999618530273,25.399999618530273,12486
2011-07-29,25.149999618530273,25.75,24.5,25.25,25.25,22477
2011-08-01,25.600000381469727,25.600000381469727,24.850000381469727,25.0,25.0,17115
2011-08-02,25.0,25.0,24.299999237060547,24.649999618530273,24.649999618530273,24795
2011-08-03,24.0,24.799999237060547,24.0,24.5,24.5,15904
2011-08-04,24.5,25.0,24.0,24.25,24.25,14080
2011-08-05,23.149999618530273,23.700000762939453,22.399999618530273,22.75,22.75,43329
2011-08-08,22.0,22.5,21.049999237060547,21.5,21.5,47295
2011-08-09,21.049999237060547,22.25,19.350000381469727,21.100000381469727,21.100000381469727,36877
2011-08-10,21.5,22.700000762939453,21.5,22.5,22.5,34342
2011-08-11,22.0,22.700000762939453,21.5,22.5,22.5,22981
2011-08-12,23.450000762939453,23.700000762939453,22.25,22.399999618530273,22.399999618530273,40577
2011-08-16,24.0,24.0,21.600000381469727,22.149999618530273,22.149999618530273,29745
2011-08-17,22.200000762939453,22.700000762939453,20.549999237060547,21.049999237060547,21.049999237060547,34997
2011-08-18,20.649999618530273,21.25,20.399999618530273,20.600000381469727,20.600000381469727,27690
2011-08-19,20.5,20.5,19.549999237060547,20.049999237060547,20.049999237060547,39031
2011-08-22,21.399999618530273,21.399999618530273,20.049999237060547,21.049999237060547,21.049999237060547,17604
2011-08-23,21.0,21.350000381469727,20.100000381469727,21.200000762939453,21.200000762939453,58964
2011-08-24,21.399999618530273,21.399999618530273,21.0,21.049999237060547,21.049999237060547,16573
2011-08-25,21.299999237060547,21.549999237060547,20.649999618530273,20.850000381469727,20.850000381469727,18055
2011-08-26,20.600000381469727,21.100000381469727,19.75,20.149999618530273,20.149999618530273,19481
2011-08-29,21.450000762939453,21.450000762939453,18.549999237060547,20.600000381469727,20.600000381469727,30534
2011-08-30,20.700000762939453,21.399999618530273,20.549999237060547,20.799999237060547,20.799999237060547,21343
2011-09-02,20.799999237060547,21.399999618530273,20.799999237060547,21.149999618530273,21.149999618530273,21681
2011-09-05,21.25,21.25,20.399999618530273,20.799999237060547,20.799999237060547,18252
2011-09-06,20.450000762939453,21.25,20.450000762939453,21.049999237060547,21.049999237060547,19208
2011-09-07,21.450000762939453,21.75,21.200000762939453,21.549999237060547,21.549999237060547,33768
2011-09-08,21.600000381469727,23.350000381469727,21.600000381469727,22.600000381469727,22.600000381469727,65235
2011-09-09,22.700000762939453,22.799999237060547,21.700000762939453,21.799999237060547,21.799999237060547,33438
2011-09-12,21.799999237060547,22.0,20.899999618530273,21.100000381469727,21.100000381469727,27678
2011-09-13,21.200000762939453,22.0,21.049999237060547,21.299999237060547,21.299999237060547,27854
2011-09-14,21.450000762939453,22.600000381469727,21.299999237060547,21.899999618530273,21.899999618530273,74414
2011-09-15,21.899999618530273,22.0,21.649999618530273,21.75,21.75,6591
2011-09-16,22.0,22.0,21.5,21.700000762939453,21.700000762939453,12901
2011-09-19,21.450000762939453,21.799999237060547,21.399999618530273,21.549999237060547,21.549999237060547,4501
2011-09-20,21.5,21.799999237060547,21.299999237060547,21.600000381469727,21.600000381469727,12578
2011-09-21,21.5,21.899999618530273,21.399999618530273,21.700000762939453,21.700000762939453,12366
2011-09-22,21.399999618530273,21.799999237060547,20.649999618530273,21.049999237060547,21.049999237060547,32649
2011-09-23,21.049999237060547,21.049999237060547,20.100000381469727,20.399999618530273,20.399999618530273,48352
2011-09-26,20.5,20.799999237060547,19.100000381469727,20.149999618530273,20.149999618530273,27705
2011-09-27,21.200000762939453,21.200000762939453,20.200000762939453,20.450000762939453,20.450000762939453,26077
2011-09-28,20.5,20.850000381469727,20.100000381469727,20.299999237060547,20.299999237060547,8764
2011-09-29,20.299999237060547,20.5,20.0,20.200000762939453,20.200000762939453,11934
2011-09-30,20.049999237060547,20.450000762939453,19.950000762939453,20.049999237060547,20.049999237060547,17704
2011-10-03,19.299999237060547,19.899999618530273,19.25,19.5,19.5,17011
2011-10-04,19.399999618530273,20.700000762939453,19.25,19.399999618530273,19.399999618530273,43347
2011-10-05,19.5,19.649999618530273,19.25,19.25,19.25,6738
2011-10-07,20.0,20.0,19.25,19.5,19.5,17717
2011-10-10,19.600000381469727,20.549999237060547,19.25,19.899999618530273,19.899999618530273,25141
2011-10-11,20.299999237060547,20.75,19.700000762939453,20.5,20.5,30277
2011-10-12,20.450000762939453,20.549999237060547,20.0,20.399999618530273,20.399999618530273,6353
2011-10-13,20.700000762939453,20.700000762939453,19.549999237060547,20.299999237060547,20.299999237060547,14412
2011-10-14,19.399999618530273,20.600000381469727,19.399999618530273,20.5,20.5,13828
2011-10-17,20.799999237060547,20.899999618530273,20.200000762939453,20.299999237060547,20.299999237060547,18080
2011-10-18,20.0,20.299999237060547,19.600000381469727,20.049999237060547,20.049999237060547,3851
2011-10-19,20.25,20.5,19.799999237060547,20.25,20.25,8513
2011-10-20,20.0,20.350000381469727,19.950000762939453,20.0,20.0,6546
2011-10-21,19.600000381469727,20.25,19.600000381469727,19.850000381469727,19.850000381469727,7780
2011-10-24,19.649999618530273,20.350000381469727,19.649999618530273,19.850000381469727,19.850000381469727,8405
2011-10-25,19.700000762939453,19.950000762939453,19.25,19.399999618530273,19.399999618530273,26435
2011-10-28,20.25,20.25,19.549999237060547,19.75,19.75,23055
2011-10-31,19.700000762939453,20.100000381469727,19.600000381469727,20.0,20.0,53349
2011-11-01,19.5,20.299999237060547,19.399999618530273,19.850000381469727,19.850000381469727,22386
2011-11-02,19.600000381469727,20.149999618530273,19.600000381469727,19.600000381469727,19.600000381469727,21275
2011-11-03,19.5,19.899999618530273,19.5,19.799999237060547,19.799999237060547,5828
2011-11-04,20.5,20.5,19.649999618530273,19.75,19.75,21908
2011-11-08,19.75,22.450000762939453,19.600000381469727,20.75,20.75,146672
2011-11-09,20.950000762939453,21.299999237060547,20.049999237060547,20.100000381469727,20.100000381469727,53177
2011-11-11,20.899999618530273,20.899999618530273,19.649999618530273,19.850000381469727,19.850000381469727,18133
2011-11-14,19.600000381469727,20.600000381469727,19.600000381469727,19.600000381469727,19.600000381469727,11203
2011-11-15,19.600000381469727,19.799999237060547,18.149999618530273,18.350000381469727,18.350000381469727,51638
2011-11-16,19.25,19.25,18.149999618530273,18.299999237060547,18.299999237060547,17151
2011-11-17,18.5,18.899999618530273,18.0,18.149999618530273,18.149999618530273,24211
2011-11-18,18.0,18.350000381469727,17.399999618530273,17.549999237060547,17.549999237060547,18528
2011-11-21,17.799999237060547,17.950000762939453,17.100000381469727,17.350000381469727,17.350000381469727,22510
2011-11-22,17.200000762939453,17.649999618530273,17.149999618530273,17.299999237060547,17.299999237060547,8845
2011-11-23,17.25,17.600000381469727,16.149999618530273,16.600000381469727,16.600000381469727,23548
2011-11-24,17.350000381469727,17.350000381469727,15.649999618530273,16.25,16.25,36238
2011-11-25,16.299999237060547,16.899999618530273,16.25,16.649999618530273,16.649999618530273,16343
2011-11-28,16.899999618530273,17.450000762939453,16.5,16.75,16.75,11381
2011-11-29,16.899999618530273,17.100000381469727,16.5,16.649999618530273,16.649999618530273,12445
2011-11-30,16.850000381469727,16.850000381469727,16.399999618530273,16.399999618530273,16.399999618530273,9735
2011-12-01,17.149999618530273,19.549999237060547,17.049999237060547,17.100000381469727,17.100000381469727,21114
2011-12-02,17.299999237060547,17.5,17.049999237060547,17.200000762939453,17.200000762939453,13844
2011-12-05,17.350000381469727,17.350000381469727,17.049999237060547,17.200000762939453,17.200000762939453,5241
2011-12-07,16.899999618530273,20.600000381469727,16.899999618530273,20.600000381469727,20.600000381469727,220123
2011-12-08,21.549999237060547,24.5,19.649999618530273,20.049999237060547,20.049999237060547,616646
2011-12-09,19.5,20.25,18.399999618530273,19.25,19.25,138738
2011-12-12,19.299999237060547,19.75,18.549999237060547,18.899999618530273,18.899999618530273,37747
2011-12-13,17.649999618530273,18.299999237060547,15.199999809265137,17.649999618530273,17.649999618530273,63973
2011-12-14,17.299999237060547,18.549999237060547,17.299999237060547,17.549999237060547,17.549999237060547,41870
2011-12-15,17.100000381469727,17.450000762939453,17.100000381469727,17.25,17.25,23044
2011-12-16,17.549999237060547,17.549999237060547,16.700000762939453,16.799999237060547,16.799999237060547,23148
2011-12-19,17.0,17.0,15.800000190734863,16.149999618530273,16.149999618530273,24535
2011-12-20,16.950000762939453,16.950000762939453,15.800000190734863,16.0,16.0,22995
2011-12-21,16.200000762939453,16.75,16.049999237060547,16.350000381469727,16.350000381469727,18225
2011-12-22,16.0,16.549999237060547,16.0,16.350000381469727,16.350000381469727,9391
2011-12-23,16.0,18.5,16.0,16.75,16.75,36128
2011-12-26,17.350000381469727,17.350000381469727,16.600000381469727,16.799999237060547,16.799999237060547,20129
2011-12-27,16.350000381469727,17.200000762939453,16.25,16.600000381469727,16.600000381469727,15315
2011-12-28,16.700000762939453,16.950000762939453,16.200000762939453,16.350000381469727,16.350000381469727,19319
2011-12-29,16.0,16.850000381469727,15.949999809265137,16.200000762939453,16.200000762939453,20006
2011-12-30,15.800000190734863,16.450000762939453,15.75,16.0,16.0,18552
2012-01-02,16.149999618530273,16.5,15.800000190734863,16.299999237060547,16.299999237060547,12210
2012-01-03,16.0,17.25,15.800000190734863,17.0,17.0,34973
2012-01-04,17.600000381469727,18.299999237060547,17.0,17.149999618530273,17.149999618530273,35240
2012-01-05,17.450000762939453,17.450000762939453,16.799999237060547,17.25,17.25,11394
2012-01-06,17.5,17.5,17.100000381469727,17.350000381469727,17.350000381469727,16053
2012-01-09,18.0,18.5,17.75,18.25,18.25,32532
2012-01-10,18.5,19.399999618530273,18.25,18.899999618530273,18.899999618530273,92581
2012-01-11,19.299999237060547,20.25,18.600000381469727,19.350000381469727,19.350000381469727,96593
2012-01-12,19.100000381469727,19.850000381469727,18.700000762939453,18.899999618530273,18.899999618530273,27380
2012-01-13,18.700000762939453,20.299999237060547,18.700000762939453,19.350000381469727,19.350000381469727,47595
2012-01-16,19.200000762939453,19.399999618530273,18.799999237060547,19.100000381469727,19.100000381469727,19163
2012-01-17,19.100000381469727,19.899999618530273,18.850000381469727,19.049999237060547,19.049999237060547,33200
2012-01-18,19.100000381469727,19.25,18.200000762939453,18.700000762939453,18.700000762939453,32567
2012-01-19,18.700000762939453,18.950000762939453,18.5,18.850000381469727,18.850000381469727,26315
2012-01-20,18.600000381469727,18.950000762939453,18.600000381469727,18.700000762939453,18.700000762939453,19093
2012-01-23,18.100000381469727,19.25,18.100000381469727,18.75,18.75,14891
2012-01-24,19.200000762939453,19.700000762939453,18.700000762939453,18.899999618530273,18.899999618530273,16190
2012-01-25,18.799999237060547,19.700000762939453,18.799999237060547,19.399999618530273,19.399999618530273,55188
2012-01-27,19.200000762939453,20.299999237060547,19.200000762939453,19.799999237060547,19.799999237060547,67209
2012-01-30,19.399999618530273,19.799999237060547,18.850000381469727,18.950000762939453,18.950000762939453,13042
2012-01-31,19.0,19.649999618530273,19.0,19.399999618530273,19.399999618530273,10665
2012-02-01,19.25,21.25,19.0,20.450000762939453,20.450000762939453,139166
2012-02-02,20.450000762939453,20.899999618530273,19.350000381469727,19.649999618530273,19.649999618530273,41252
2012-02-03,20.0,20.0,19.399999618530273,19.600000381469727,19.600000381469727,25460
2012-02-06,20.450000762939453,20.549999237060547,19.75,20.0,20.0,45804
2012-02-07,20.0,20.450000762939453,19.700000762939453,19.799999237060547,19.799999237060547,23597
2012-02-08,19.899999618530273,21.399999618530273,19.799999237060547,20.299999237060547,20.299999237060547,126178
2012-02-09,21.75,21.75,20.5,21.25,21.25,55860
2012-02-10,21.25,21.399999618530273,20.299999237060547,21.0,21.0,62880
2012-02-13,21.200000762939453,23.5,20.5,22.549999237060547,22.549999237060547,427584
2012-02-14,23.5,24.0,22.450000762939453,22.5,22.5,167676
2012-02-15,23.399999618530273,24.0,22.299999237060547,22.5,22.5,97635
2012-02-16,22.5,23.200000762939453,22.200000762939453,22.899999618530273,22.899999618530273,69661
2012-02-17,23.0,23.700000762939453,21.25,21.600000381469727,21.600000381469727,88118
2012-02-21,22.0,22.5,21.600000381469727,22.0,22.0,80897
2012-02-22,22.049999237060547,22.5,20.850000381469727,21.100000381469727,21.100000381469727,26453
2012-02-23,21.0,21.049999237060547,20.25,20.350000381469727,20.350000381469727,29233
2012-02-24,20.600000381469727,20.850000381469727,19.799999237060547,20.049999237060547,20.049999237060547,28159
2012-02-27,19.850000381469727,20.450000762939453,19.0,19.049999237060547,19.049999237060547,25541
2012-02-28,20.850000381469727,20.850000381469727,19.200000762939453,19.899999618530273,19.899999618530273,28151
2012-02-29,20.350000381469727,20.5,19.299999237060547,19.799999237060547,19.799999237060547,36997
2012-03-01,19.799999237060547,20.049999237060547,19.299999237060547,19.450000762939453,19.450000762939453,24969
2012-03-02,19.5,19.850000381469727,19.049999237060547,19.450000762939453,19.450000762939453,12995
2012-03-05,19.25,19.700000762939453,19.100000381469727,19.299999237060547,19.299999237060547,16705
2012-03-06,19.25,19.549999237060547,18.799999237060547,18.850000381469727,18.850000381469727,14408
2012-03-07,18.700000762939453,19.25,18.5,18.899999618530273,18.899999618530273,68962
2012-03-09,19.25,20.399999618530273,18.600000381469727,18.850000381469727,18.850000381469727,35802
2012-03-12,19.549999237060547,19.549999237060547,18.899999618530273,19.049999237060547,19.049999237060547,78640
2012-03-13,19.450000762939453,19.649999618530273,19.0,19.149999618530273,19.149999618530273,25847
2012-03-14,19.149999618530273,19.450000762939453,18.899999618530273,19.049999237060547,19.049999237060547,14826
2012-03-15,18.700000762939453,19.149999618530273,18.549999237060547,18.700000762939453,18.700000762939453,19212
2012-03-16,18.549999237060547,19.399999618530273,18.5,18.600000381469727,18.600000381469727,14034
2012-03-19,18.600000381469727,19.350000381469727,18.149999618530273,18.350000381469727,18.350000381469727,19839
2012-03-20,18.350000381469727,18.75,18.100000381469727,18.350000381469727,18.350000381469727,4002
2012-03-21,18.149999618530273,19.5,18.100000381469727,18.75,18.75,41624
2012-03-22,18.5,18.899999618530273,18.100000381469727,18.399999618530273,18.399999618530273,18194
2012-03-23,18.049999237060547,18.649999618530273,17.649999618530273,18.100000381469727,18.100000381469727,27054
2012-03-26,21.0,21.0,17.850000381469727,18.0,18.0,12866
2012-03-27,18.0,18.25,17.299999237060547,17.649999618530273,17.649999618530273,52162
2012-03-28,17.299999237060547,18.100000381469727,17.0,17.149999618530273,17.149999618530273,20711
2012-03-29,16.899999618530273,17.799999237060547,16.649999618530273,17.200000762939453,17.200000762939453,25043
2012-03-30,17.450000762939453,17.899999618530273,17.299999237060547,17.600000381469727,17.600000381469727,18723
2012-04-02,18.5,18.5,17.5,17.799999237060547,17.799999237060547,18636
2012-04-03,18.299999237060547,18.75,18.049999237060547,18.450000762939453,18.450000762939453,28895
2012-04-04,18.049999237060547,19.149999618530273,18.0,18.399999618530273,18.399999618530273,45935
2012-04-09,18.549999237060547,18.600000381469727,17.950000762939453,18.100000381469727,18.100000381469727,10297
2012-04-10,18.0,18.350000381469727,17.649999618530273,17.950000762939453,17.950000762939453,17611
2012-04-11,17.950000762939453,18.25,17.700000762939453,17.850000381469727,17.850000381469727,17022
2012-04-12,17.799999237060547,18.850000381469727,17.75,18.600000381469727,18.600000381469727,46381
2012-04-13,18.899999618530273,18.899999618530273,18.100000381469727,18.149999618530273,18.149999618530273,26570
2012-04-16,17.799999237060547,18.399999618530273,17.75,17.950000762939453,17.950000762939453,11658
2012-04-17,17.700000762939453,18.200000762939453,17.5,17.950000762939453,17.950000762939453,29890
2012-04-18,17.700000762939453,18.399999618530273,17.700000762939453,17.950000762939453,17.950000762939453,13584
2012-04-19,17.649999618530273,18.649999618530273,17.649999618530273,18.149999618530273,18.149999618530273,27085
2012-04-20,17.950000762939453,18.450000762939453,17.850000381469727,18.100000381469727,18.100000381469727,19831
2012-04-23,18.049999237060547,18.350000381469727,17.75,17.850000381469727,17.850000381469727,10521
2012-04-24,17.75,18.0,17.600000381469727,17.850000381469727,17.850000381469727,14001
2012-04-25,18.149999618530273,18.200000762939453,17.600000381469727,17.799999237060547,17.799999237060547,10361
2012-04-26,18.0,18.0,17.600000381469727,17.799999237060547,17.799999237060547,10383
2012-04-27,17.700000762939453,17.850000381469727,16.25,16.5,16.5,33636
2012-04-30,17.700000762939453,18.399999618530273,17.149999618530273,17.25,17.25,25598
2012-05-02,17.600000381469727,17.649999618530273,17.049999237060547,17.200000762939453,17.200000762939453,13079
2012-05-03,17.049999237060547,17.299999237060547,16.799999237060547,17.100000381469727,17.100000381469727,9697
2012-05-04,16.799999237060547,17.200000762939453,16.5,16.5,16.5,15135
2012-05-07,16.600000381469727,16.799999237060547,16.049999237060547,16.600000381469727,16.600000381469727,15007
2012-05-08,16.700000762939453,16.899999618530273,16.299999237060547,16.549999237060547,16.549999237060547,12709
2012-05-09,16.549999237060547,16.75,16.25,16.299999237060547,16.299999237060547,17202
2012-05-10,16.200000762939453,16.75,16.049999237060547,16.25,16.25,17488
2012-05-11,16.0,16.5,15.850000381469727,15.949999809265137,15.949999809265137,15378
2012-05-14,15.649999618530273,15.949999809265137,15.600000381469727,15.800000190734863,15.800000190734863,9320
2012-05-15,15.75,16.0,15.5,15.699999809265137,15.699999809265137,3236
2012-05-16,15.899999618530273,15.899999618530273,15.100000381469727,15.399999618530273,15.399999618530273,8381
2012-05-17,15.300000190734863,15.850000381469727,15.199999809265137,15.25,15.25,9894
2012-05-18,15.149999618530273,15.350000381469727,14.800000190734863,15.050000190734863,15.050000190734863,15228
2012-05-21,15.5,15.5,15.300000190734863,15.399999618530273,15.399999618530273,3528
2012-05-22,16.299999237060547,16.299999237060547,15.25,15.350000381469727,15.350000381469727,9172
2012-05-23,15.25,15.399999618530273,14.699999809265137,15.050000190734863,15.050000190734863,12651
2012-05-24,15.100000381469727,15.75,15.100000381469727,15.25,15.25,9913
2012-05-25,16.5,16.5,15.149999618530273,15.300000190734863,15.300000190734863,4464
2012-05-28,15.199999809265137,15.5,15.199999809265137,15.350000381469727,15.350000381469727,3836
2012-05-29,15.449999809265137,15.600000381469727,15.25,15.449999809265137,15.449999809265137,5940
2012-05-30,16.100000381469727,16.799999237060547,15.350000381469727,15.850000381469727,15.850000381469727,31282
2012-05-31,15.899999618530273,17.200000762939453,15.5,15.649999618530273,15.649999618530273,54464
2012-06-01,15.899999618530273,15.899999618530273,15.350000381469727,15.399999618530273,15.399999618530273,9171
2012-06-04,15.0,15.449999809265137,15.0,15.300000190734863,15.300000190734863,6943
2012-06-05,15.300000190734863,15.75,15.300000190734863,15.399999618530273,15.399999618530273,3295
2012-06-06,15.550000190734863,15.699999809265137,15.25,15.449999809265137,15.449999809265137,17183
2012-06-07,15.5,16.0,15.5,15.699999809265137,15.699999809265137,9932
2012-06-08,15.649999618530273,15.800000190734863,15.5,15.649999618530273,15.649999618530273,8289
2012-06-11,15.949999809265137,16.149999618530273,15.399999618530273,15.600000381469727,15.600000381469727,17288
2012-06-12,15.350000381469727,15.899999618530273,15.350000381469727,15.649999618530273,15.649999618530273,9451
2012-06-13,15.199999809265137,15.75,15.0,15.550000190734863,15.550000190734863,4808
2012-06-14,15.800000190734863,15.800000190734863,15.300000190734863,15.5,15.5,11219
2012-06-15,15.300000190734863,15.75,15.300000190734863,15.399999618530273,15.399999618530273,4730
2012-06-18,15.399999618530273,15.75,15.300000190734863,15.300000190734863,15.300000190734863,3537
2012-06-19,15.199999809265137,15.449999809265137,15.100000381469727,15.350000381469727,15.350000381469727,10276
2012-06-20,15.050000190734863,15.5,15.050000190734863,15.199999809265137,15.199999809265137,5517
2012-06-21,15.449999809265137,15.75,15.149999618530273,15.600000381469727,15.600000381469727,10053
2012-06-22,15.649999618530273,15.75,15.399999618530273,15.649999618530273,15.649999618530273,6454
2012-06-25,15.850000381469727,15.850000381469727,15.300000190734863,15.600000381469727,15.600000381469727,5680
2012-06-26,15.399999618530273,15.75,15.25,15.449999809265137,15.449999809265137,5190
2012-06-27,15.449999809265137,15.75,15.449999809265137,15.449999809265137,15.449999809265137,4181
2012-06-28,15.199999809265137,18.5,15.100000381469727,18.5,18.5,303404
2012-06-29,19.0,19.5,17.200000762939453,17.399999618530273,17.399999618530273,186226
2012-07-02,17.5,17.899999618530273,17.0,17.350000381469727,17.350000381469727,38881
2012-07-03,17.350000381469727,17.899999618530273,17.350000381469727,17.549999237060547,17.549999237060547,30837
2012-07-04,17.75,18.799999237060547,17.5,18.0,18.0,95738
2012-07-05,17.899999618530273,19.350000381469727,17.899999618530273,18.399999618530273,18.399999618530273,129947
2012-07-06,18.399999618530273,18.600000381469727,18.0,18.049999237060547,18.049999237060547,27879
2012-07-09,17.799999237060547,18.950000762939453,17.799999237060547,18.350000381469727,18.350000381469727,73279
2012-07-10,18.200000762939453,21.0,18.149999618530273,19.899999618530273,19.899999618530273,377231
2012-07-11,20.799999237060547,21.649999618530273,19.200000762939453,19.350000381469727,19.350000381469727,550912
2012-07-12,18.700000762939453,20.25,18.700000762939453,19.350000381469727,19.350000381469727,122367
2012-07-13,19.649999618530273,20.149999618530273,19.100000381469727,19.200000762939453,19.200000762939453,70064
2012-07-16,19.700000762939453,19.700000762939453,18.299999237060547,18.450000762939453,18.450000762939453,30644
2012-07-17,18.799999237060547,19.399999618530273,17.649999618530273,17.799999237060547,17.799999237060547,88793
2012-07-18,17.850000381469727,18.25,16.700000762939453,17.549999237060547,17.549999237060547,49366
2012-07-19,17.600000381469727,18.200000762939453,17.450000762939453,17.549999237060547,17.549999237060547,20508
2012-07-20,17.450000762939453,18.0,17.350000381469727,17.600000381469727,17.600000381469727,32929
2012-07-23,17.5,17.899999618530273,17.399999618530273,17.450000762939453,17.450000762939453,15579
2012-07-24,17.799999237060547,17.799999237060547,17.100000381469727,17.200000762939453,17.200000762939453,20166
2012-07-25,17.049999237060547,17.549999237060547,16.700000762939453,16.799999237060547,16.799999237060547,15396
2012-07-26,16.799999237060547,16.850000381469727,16.0,16.100000381469727,16.100000381469727,24237
2012-07-27,16.399999618530273,17.0,16.0,16.100000381469727,16.100000381469727,41187
2012-07-30,16.200000762939453,16.700000762939453,15.699999809265137,16.25,16.25,47127
2012-07-31,16.350000381469727,16.450000762939453,15.899999618530273,16.200000762939453,16.200000762939453,18973
2012-08-01,16.0,16.799999237060547,16.0,16.549999237060547,16.549999237060547,37801
2012-08-02,16.200000762939453,16.700000762939453,16.200000762939453,16.549999237060547,16.549999237060547,12736
2012-08-03,16.399999618530273,16.75,16.350000381469727,16.5,16.5,4963
2012-08-06,16.5,17.25,16.5,16.75,16.75,26840
2012-08-07,16.700000762939453,18.0,16.549999237060547,17.149999618530273,17.149999618530273,118158
2012-08-08,17.450000762939453,18.450000762939453,16.75,16.799999237060547,16.799999237060547,25462
2012-08-09,16.850000381469727,17.0,16.25,16.450000762939453,16.450000762939453,24693
2012-08-10,16.75,16.75,15.949999809265137,16.049999237060547,16.049999237060547,45745
2012-08-13,16.049999237060547,16.850000381469727,16.049999237060547,16.600000381469727,16.600000381469727,16690
2012-08-14,16.700000762939453,16.700000762939453,16.100000381469727,16.25,16.25,17450
2012-08-16,16.649999618530273,16.649999618530273,16.200000762939453,16.200000762939453,16.200000762939453,10049
2012-08-17,16.450000762939453,18.049999237060547,16.200000762939453,16.899999618530273,16.899999618530273,155089
2012-08-21,17.0,17.399999618530273,16.549999237060547,16.75,16.75,43996
2012-08-22,16.850000381469727,17.200000762939453,16.600000381469727,16.799999237060547,16.799999237060547,36664
2012-08-23,16.75,18.549999237060547,16.5,18.25,18.25,278968
2012-08-24,18.899999618530273,19.399999618530273,17.600000381469727,17.950000762939453,17.950000762939453,596418
2012-08-27,18.049999237060547,18.549999237060547,17.549999237060547,17.549999237060547,17.549999237060547,66438
2012-08-28,17.899999618530273,17.899999618530273,16.700000762939453,16.899999618530273,16.899999618530273,37499
2012-08-29,17.649999618530273,17.649999618530273,16.149999618530273,16.299999237060547,16.299999237060547,31123
2012-08-30,16.200000762939453,16.600000381469727,16.149999618530273,16.299999237060547,16.299999237060547,33179
2012-08-31,16.25,16.700000762939453,16.100000381469727,16.25,16.25,22698
2012-09-03,16.299999237060547,16.700000762939453,16.0,16.299999237060547,16.299999237060547,18737
2012-09-04,16.200000762939453,17.200000762939453,16.200000762939453,16.399999618530273,16.399999618530273,57979
2012-09-05,16.399999618530273,17.0,16.200000762939453,16.399999618530273,16.399999618530273,18337
2012-09-06,16.25,17.0,16.25,16.649999618530273,16.649999618530273,9663
2012-09-07,17.0,17.100000381469727,16.600000381469727,16.799999237060547,16.799999237060547,26248
2012-09-10,17.0,17.049999237060547,16.5,16.549999237060547,16.549999237060547,23836
2012-09-11,16.850000381469727,17.5,16.549999237060547,17.149999618530273,17.149999618530273,59900
2012-09-12,17.399999618530273,17.600000381469727,17.100000381469727,17.149999618530273,17.149999618530273,28213
2012-09-13,17.399999618530273,17.549999237060547,16.75,16.850000381469727,16.850000381469727,15704
2012-09-14,17.149999618530273,17.450000762939453,16.649999618530273,16.850000381469727,16.850000381469727,19254
2012-09-17,17.299999237060547,17.399999618530273,17.0,17.200000762939453,17.200000762939453,33799
2012-09-18,17.350000381469727,17.700000762939453,17.200000762939453,17.450000762939453,17.450000762939453,29384
2012-09-20,17.200000762939453,17.350000381469727,16.75,16.899999618530273,16.899999618530273,17352
2012-09-21,16.799999237060547,17.649999618530273,16.799999237060547,17.299999237060547,17.299999237060547,38541
2012-09-24,17.850000381469727,18.25,17.299999237060547,17.350000381469727,17.350000381469727,50726
2012-09-25,17.25,17.649999618530273,17.0,17.450000762939453,17.450000762939453,29903
2012-09-26,17.5,17.700000762939453,16.899999618530273,17.0,17.0,35148
2012-09-27,17.0,17.700000762939453,17.0,17.350000381469727,17.350000381469727,58456
2012-09-28,17.299999237060547,20.5,17.0,19.649999618530273,19.649999618530273,403624
2012-10-01,20.600000381469727,23.549999237060547,20.5,22.75,22.75,2478911
2012-10-03,22.899999618530273,22.899999618530273,20.600000381469727,21.049999237060547,21.049999237060547,561081
2012-10-04,22.0,22.649999618530273,21.0,21.149999618530273,21.149999618530273,239494
2012-10-05,21.25,21.399999618530273,19.799999237060547,19.950000762939453,19.950000762939453,151634
2012-10-08,20.200000762939453,21.0,19.549999237060547,19.850000381469727,19.850000381469727,274246
2012-10-09,20.0,20.75,19.950000762939453,20.350000381469727,20.350000381469727,107959
2012-10-10,21.0,22.450000762939453,20.799999237060547,21.049999237060547,21.049999237060547,451971
2012-10-11,21.299999237060547,21.600000381469727,20.600000381469727,20.899999618530273,20.899999618530273,48516
2012-10-12,20.850000381469727,21.899999618530273,20.299999237060547,21.100000381469727,21.100000381469727,156507
2012-10-15,21.25,21.299999237060547,20.350000381469727,20.600000381469727,20.600000381469727,48721
2012-10-16,21.200000762939453,21.299999237060547,20.100000381469727,20.399999618530273,20.399999618530273,43244
2012-10-17,20.100000381469727,21.350000381469727,20.0,20.600000381469727,20.600000381469727,73898
2012-10-18,20.149999618530273,21.25,20.100000381469727,20.25,20.25,154852
2012-10-19,20.5,20.700000762939453,19.75,19.899999618530273,19.899999618530273,77331
2012-10-22,19.950000762939453,20.200000762939453,19.5,19.649999618530273,19.649999618530273,20723
2012-10-23,19.899999618530273,19.899999618530273,19.049999237060547,19.149999618530273,19.149999618530273,38831
2012-10-25,19.149999618530273,20.149999618530273,19.100000381469727,19.200000762939453,19.200000762939453,81735
2012-10-29,19.100000381469727,22.350000381469727,18.200000762939453,21.399999618530273,21.399999618530273,297016
2012-10-30,22.899999618530273,22.899999618530273,20.399999618530273,20.549999237060547,20.549999237060547,716141
2012-10-31,21.200000762939453,21.200000762939453,20.149999618530273,20.5,20.5,87772
2012-11-01,20.899999618530273,22.799999237060547,20.5,22.5,22.5,493670
2012-11-02,22.899999618530273,23.200000762939453,21.649999618530273,22.850000381469727,22.850000381469727,464254
2012-11-05,22.75,23.350000381469727,22.200000762939453,22.5,22.5,119263
2012-11-06,21.549999237060547,22.649999618530273,21.549999237060547,22.0,22.0,81088
2012-11-07,22.049999237060547,22.399999618530273,21.5,21.549999237060547,21.549999237060547,56576
2012-11-08,22.0,22.0,20.850000381469727,21.049999237060547,21.049999237060547,68467
2012-11-09,21.100000381469727,21.100000381469727,20.0,20.149999618530273,20.149999618530273,147887
2012-11-12,20.049999237060547,20.450000762939453,19.700000762939453,19.950000762939453,19.950000762939453,70427
2012-11-15,20.200000762939453,20.5,19.100000381469727,20.0,20.0,32184
2012-11-16,20.950000762939453,20.950000762939453,19.399999618530273,19.399999618530273,19.399999618530273,44910
2012-11-19,19.5,19.950000762939453,19.0,19.149999618530273,19.149999618530273,52777
2012-11-20,19.450000762939453,19.600000381469727,19.0,19.100000381469727,19.100000381469727,45663
2012-11-21,19.450000762939453,19.450000762939453,19.049999237060547,19.049999237060547,19.049999237060547,23403
2012-11-22,19.600000381469727,19.600000381469727,19.149999618530273,19.25,19.25,37033
2012-11-23,19.100000381469727,19.25,18.700000762939453,18.799999237060547,18.799999237060547,25574
2012-11-26,19.200000762939453,20.850000381469727,19.0,20.100000381469727,20.100000381469727,108097
2012-11-27,20.649999618530273,21.399999618530273,20.0,20.649999618530273,20.649999618530273,212316
2012-11-29,20.899999618530273,21.200000762939453,20.299999237060547,20.5,20.5,90189
2012-11-30,20.75,20.75,20.25,20.299999237060547,20.299999237060547,48886
2012-12-03,20.0,20.850000381469727,20.0,20.299999237060547,20.299999237060547,78733
2012-12-04,20.5,21.0,19.200000762939453,20.5,20.5,125575
2012-12-05,20.799999237060547,21.0,20.450000762939453,20.549999237060547,20.549999237060547,64111
2012-12-06,20.600000381469727,21.200000762939453,20.399999618530273,20.549999237060547,20.549999237060547,65381
2012-12-07,20.600000381469727,20.799999237060547,20.0,20.049999237060547,20.049999237060547,59970
2012-12-10,20.399999618530273,20.399999618530273,19.950000762939453,20.0,20.0,36907
2012-12-11,20.399999618530273,20.399999618530273,19.5,19.600000381469727,19.600000381469727,43923
2012-12-12,19.799999237060547,20.5,19.5,20.0,20.0,181689
2012-12-13,19.850000381469727,20.25,19.5,19.600000381469727,19.600000381469727,32593
2012-12-14,19.600000381469727,20.0,19.25,19.350000381469727,19.350000381469727,20494
2012-12-17,19.700000762939453,19.75,19.350000381469727,19.450000762939453,19.450000762939453,35578
2012-12-18,19.25,19.899999618530273,19.25,19.5,19.5,40799
2012-12-19,19.399999618530273,20.100000381469727,19.299999237060547,19.649999618530273,19.649999618530273,35391
2012-12-20,19.600000381469727,20.0,19.600000381469727,19.649999618530273,19.649999618530273,26169
2012-12-21,19.450000762939453,19.850000381469727,18.899999618530273,19.049999237060547,19.049999237060547,33967
2012-12-24,19.450000762939453,19.450000762939453,18.799999237060547,18.899999618530273,18.899999618530273,28924
2012-12-26,19.100000381469727,19.5,18.950000762939453,19.299999237060547,19.299999237060547,32638
2012-12-27,19.0,19.200000762939453,18.600000381469727,18.75,18.75,42916
2012-12-28,18.899999618530273,19.100000381469727,18.700000762939453,18.899999618530273,18.899999618530273,73367
2012-12-31,19.350000381469727,19.350000381469727,18.450000762939453,18.799999237060547,18.799999237060547,22788
2013-01-01,18.850000381469727,19.149999618530273,18.850000381469727,19.049999237060547,19.049999237060547,22388
2013-01-02,18.799999237060547,19.799999237060547,18.799999237060547,19.549999237060547,19.549999237060547,57083
2013-01-03,19.600000381469727,20.5,19.5,20.200000762939453,20.200000762939453,130083
2013-01-04,20.200000762939453,20.350000381469727,19.600000381469727,19.75,19.75,27419
2013-01-07,19.600000381469727,20.25,19.350000381469727,19.899999618530273,19.899999618530273,61026
2013-01-08,19.950000762939453,19.950000762939453,19.450000762939453,19.649999618530273,19.649999618530273,16124
2013-01-09,20.75,20.75,19.600000381469727,19.700000762939453,19.700000762939453,22682
2013-01-10,19.649999618530273,19.950000762939453,19.149999618530273,19.299999237060547,19.299999237060547,38441
2013-01-11,19.450000762939453,21.200000762939453,18.899999618530273,20.5,20.5,372892
2013-01-14,20.399999618530273,21.600000381469727,19.600000381469727,21.299999237060547,21.299999237060547,284615
2013-01-15,21.950000762939453,25.0,21.399999618530273,23.600000381469727,23.600000381469727,3074776
2013-01-16,23.799999237060547,23.899999618530273,21.799999237060547,22.0,22.0,417290
2013-01-17,21.799999237060547,22.350000381469727,21.299999237060547,21.450000762939453,21.450000762939453,127211
2013-01-18,21.600000381469727,22.799999237060547,21.299999237060547,21.5,21.5,254861
2013-01-21,21.600000381469727,21.600000381469727,20.600000381469727,20.700000762939453,20.700000762939453,73477
2013-01-22,20.899999618530273,21.149999618530273,19.799999237060547,20.0,20.0,97073
2013-01-23,20.049999237060547,20.5,19.600000381469727,19.75,19.75,87309
2013-01-24,19.75,20.299999237060547,19.100000381469727,19.149999618530273,19.149999618530273,55857
2013-01-25,19.0,19.350000381469727,18.399999618530273,18.850000381469727,18.850000381469727,67194
2013-01-28,19.0,20.399999618530273,18.899999618530273,20.100000381469727,20.100000381469727,192682
2013-01-29,19.850000381469727,20.5,19.700000762939453,19.799999237060547,19.799999237060547,108562
2013-01-30,19.700000762939453,20.0,19.25,19.350000381469727,19.350000381469727,31308
2013-01-31,19.25,20.100000381469727,19.25,19.700000762939453,19.700000762939453,34984
2013-02-01,19.600000381469727,19.799999237060547,18.799999237060547,19.0,19.0,59506
2013-02-04,19.100000381469727,19.75,18.75,18.799999237060547,18.799999237060547,74848
2013-02-05,18.799999237060547,19.0,18.600000381469727,18.850000381469727,18.850000381469727,20640
2013-02-06,19.0,19.450000762939453,18.75,19.049999237060547,19.049999237060547,31142
2013-02-07,18.600000381469727,18.950000762939453,18.600000381469727,18.649999618530273,18.649999618530273,24463
2013-02-08,18.700000762939453,19.350000381469727,18.0,18.149999618530273,18.149999618530273,58638
2013-02-11,18.0,19.0,17.899999618530273,18.100000381469727,18.100000381469727,39957
2013-02-12,18.5,18.5,17.950000762939453,18.049999237060547,18.049999237060547,16688
2013-02-13,18.100000381469727,18.350000381469727,17.25,17.75,17.75,36758
2013-02-14,17.5,17.899999618530273,17.25,17.450000762939453,17.450000762939453,16064
2013-02-15,17.299999237060547,17.450000762939453,17.100000381469727,17.299999237060547,17.299999237060547,15665
2013-02-18,17.149999618530273,17.700000762939453,17.149999618530273,17.350000381469727,17.350000381469727,11562
2013-02-19,17.5,19.25,17.100000381469727,19.0,19.0,87394
2013-02-20,19.100000381469727,20.200000762939453,18.200000762939453,19.799999237060547,19.799999237060547,146662
2013-02-21,20.5,21.149999618530273,19.75,20.0,20.0,842329
2013-02-22,19.899999618530273,19.899999618530273,19.100000381469727,19.25,19.25,102938
2013-02-25,19.299999237060547,19.299999237060547,18.450000762939453,18.75,18.75,76228
2013-02-26,18.5,18.649999618530273,18.0,18.149999618530273,18.149999618530273,51026
2013-02-27,18.25,18.399999618530273,18.100000381469727,18.200000762939453,18.200000762939453,31901
2013-02-28,18.100000381469727,18.399999618530273,17.100000381469727,17.450000762939453,17.450000762939453,48563
2013-03-01,17.700000762939453,17.700000762939453,16.950000762939453,17.200000762939453,17.200000762939453,51379
2013-03-04,17.25,17.549999237060547,15.800000190734863,16.149999618530273,16.149999618530273,53499
2013-03-05,16.75,17.0,16.350000381469727,16.799999237060547,16.799999237060547,24777
2013-03-06,17.25,17.5,16.549999237060547,17.200000762939453,17.200000762939453,32362
2013-03-07,17.200000762939453,17.5,17.049999237060547,17.25,17.25,12500
2013-03-08,17.450000762939453,18.299999237060547,17.399999618530273,17.75,17.75,47415
2013-03-11,17.600000381469727,18.0,17.450000762939453,17.5,17.5,17404
2013-03-12,17.450000762939453,18.0,17.100000381469727,17.399999618530273,17.399999618530273,17680
2013-03-13,17.25,17.5,16.950000762939453,17.049999237060547,17.049999237060547,10761
2013-03-14,18.75,18.75,16.75,17.149999618530273,17.149999618530273,15798
2013-03-15,17.25,17.5,16.899999618530273,17.0,17.0,17303
2013-03-18,17.0,17.25,16.700000762939453,16.799999237060547,16.799999237060547,12069
2013-03-19,16.950000762939453,17.149999618530273,16.049999237060547,16.200000762939453,16.200000762939453,30466
2013-03-20,17.25,17.25,15.300000190734863,15.600000381469727,15.600000381469727,22273
2013-03-21,16.0,16.0,15.149999618530273,15.399999618530273,15.399999618530273,15604
2013-03-22,15.199999809265137,15.550000190734863,14.899999618530273,14.899999618530273,14.899999618530273,50962
2013-03-25,15.300000190734863,15.699999809265137,14.0,14.199999809265137,14.199999809265137,30291
2013-03-26,14.199999809265137,14.699999809265137,14.0,14.050000190734863,14.050000190734863,16355
2013-03-28,13.800000190734863,14.25,13.550000190734863,13.899999618530273,13.899999618530273,46218
2013-04-01,14.0,15.199999809265137,14.0,15.149999618530273,15.149999618530273,50676
2013-04-02,15.449999809265137,16.350000381469727,14.850000381469727,15.850000381469727,15.850000381469727,78230
2013-04-03,16.5,17.5,16.5,16.899999618530273,16.899999618530273,512541
2013-04-04,16.899999618530273,16.899999618530273,16.399999618530273,16.549999237060547,16.549999237060547,52538
2013-04-05,16.350000381469727,16.75,16.350000381469727,16.399999618530273,16.399999618530273,21840
2013-04-08,16.049999237060547,16.5,15.199999809265137,16.0,16.0,16442
2013-04-09,15.800000190734863,16.100000381469727,15.649999618530273,15.699999809265137,15.699999809265137,14537
2013-04-10,15.699999809265137,15.800000190734863,15.100000381469727,15.350000381469727,15.350000381469727,23915
2013-04-11,15.800000190734863,15.800000190734863,15.100000381469727,15.300000190734863,15.300000190734863,42261
2013-04-12,15.0,15.350000381469727,14.850000381469727,15.0,15.0,22293
2013-04-15,14.899999618530273,15.199999809265137,14.75,14.949999809265137,14.949999809265137,7833
2013-04-16,14.75,15.75,14.75,15.5,15.5,27154
2013-04-17,15.449999809265137,15.800000190734863,15.100000381469727,15.350000381469727,15.350000381469727,14229
2013-04-18,15.300000190734863,18.399999618530273,15.149999618530273,18.149999618530273,18.149999618530273,1130764
2013-04-22,17.950000762939453,17.950000762939453,16.549999237060547,16.799999237060547,16.799999237060547,157394
2013-04-23,17.299999237060547,17.299999237060547,16.149999618530273,16.5,16.5,45364
2013-04-25,16.549999237060547,18.25,16.299999237060547,17.5,17.5,153599
2013-04-26,17.700000762939453,17.75,16.799999237060547,16.950000762939453,16.950000762939453,22891
2013-04-29,16.950000762939453,17.25,16.549999237060547,16.850000381469727,16.850000381469727,23188
2013-04-30,17.799999237060547,18.200000762939453,17.399999618530273,17.649999618530273,17.649999618530273,243350
2013-05-02,17.549999237060547,17.850000381469727,17.049999237060547,17.149999618530273,17.149999618530273,32437
2013-05-03,17.450000762939453,17.450000762939453,16.850000381469727,16.950000762939453,16.950000762939453,33255
2013-05-06,17.5,17.850000381469727,16.950000762939453,17.450000762939453,17.450000762939453,122626
2013-05-07,17.75,17.799999237060547,17.049999237060547,17.149999618530273,17.149999618530273,20503
2013-05-08,17.200000762939453,17.25,16.75,16.950000762939453,16.950000762939453,42649
2013-05-09,18.0,20.299999237060547,17.350000381469727,17.399999618530273,17.399999618530273,74508
2013-05-10,17.049999237060547,17.450000762939453,16.399999618530273,17.100000381469727,17.100000381469727,213245
2013-05-13,18.0,18.25,16.799999237060547,16.850000381469727,16.850000381469727,95213
2013-05-14,17.5,17.799999237060547,17.25,17.549999237060547,17.549999237060547,204408
2013-05-15,17.700000762939453,18.0,17.299999237060547,17.350000381469727,17.350000381469727,65675
2013-05-16,17.549999237060547,17.549999237060547,16.799999237060547,16.950000762939453,16.950000762939453,46918
2013-05-17,16.850000381469727,17.200000762939453,16.350000381469727,16.899999618530273,16.899999618530273,30127
2013-05-20,17.25,17.350000381469727,16.649999618530273,16.700000762939453,16.700000762939453,27339
2013-05-21,16.950000762939453,17.0,16.5,16.649999618530273,16.649999618530273,24453
2013-05-22,16.700000762939453,16.75,16.25,16.399999618530273,16.399999618530273,23290
2013-05-23,16.200000762939453,16.5,15.800000190734863,16.0,16.0,54716
2013-05-24,16.399999618530273,16.399999618530273,15.75,15.800000190734863,15.800000190734863,18672
2013-05-27,16.450000762939453,16.450000762939453,15.699999809265137,15.850000381469727,15.850000381469727,19870
2013-05-28,16.149999618530273,16.149999618530273,15.850000381469727,15.899999618530273,15.899999618530273,51039
2013-05-29,16.0,16.0,15.699999809265137,15.850000381469727,15.850000381469727,19393
2013-05-30,15.699999809265137,15.899999618530273,15.5,15.550000190734863,15.550000190734863,20953
2013-05-31,15.600000381469727,15.699999809265137,14.899999618530273,15.0,15.0,51656
2013-06-03,14.800000190734863,15.100000381469727,14.649999618530273,14.699999809265137,14.699999809265137,22376
2013-06-04,14.649999618530273,15.449999809265137,14.649999618530273,14.899999618530273,14.899999618530273,18074
2013-06-05,14.850000381469727,15.199999809265137,14.800000190734863,14.899999618530273,14.899999618530273,12448
2013-06-06,14.550000190734863,15.350000381469727,14.550000190734863,15.149999618530273,15.149999618530273,26386
2013-06-07,15.050000190734863,15.449999809265137,14.800000190734863,14.899999618530273,14.899999618530273,15366
2013-06-10,15.100000381469727,15.5,14.550000190734863,14.649999618530273,14.649999618530273,14990
2013-06-11,14.699999809265137,16.0,14.5,14.850000381469727,14.850000381469727,38730
2013-06-12,14.800000190734863,15.149999618530273,11.899999618530273,12.050000190734863,12.050000190734863,157828
2013-06-13,12.100000381469727,12.699999809265137,11.850000381469727,12.25,12.25,99042
2013-06-14,12.550000190734863,12.899999618530273,12.100000381469727,12.25,12.25,34033
2013-06-17,12.100000381469727,12.449999809265137,12.0,12.25,12.25,17711
2013-06-18,12.350000381469727,12.75,12.050000190734863,12.300000190734863,12.300000190734863,30282
2013-06-19,12.25,12.75,12.25,12.600000381469727,12.600000381469727,29680
2013-06-20,12.350000381469727,12.350000381469727,12.0,12.100000381469727,12.100000381469727,21737
2013-06-21,11.949999809265137,12.5,11.949999809265137,12.149999618530273,12.149999618530273,25986
2013-06-24,11.899999618530273,12.100000381469727,11.600000381469727,11.899999618530273,11.899999618530273,16216
2013-06-25,11.800000190734863,12.100000381469727,11.199999809265137,11.850000381469727,11.850000381469727,23164
2013-06-26,11.699999809265137,13.850000381469727,11.699999809265137,13.600000381469727,13.600000381469727,126618
2013-06-27,15.199999809265137,15.25,13.800000190734863,14.600000381469727,14.600000381469727,593933
2013-06-28,14.0,14.800000190734863,13.850000381469727,14.149999618530273,14.149999618530273,110203
2013-07-01,13.800000190734863,14.300000190734863,13.800000190734863,13.949999809265137,13.949999809265137,19576
2013-07-02,13.5,14.0,13.5,13.550000190734863,13.550000190734863,23669
2013-07-03,13.399999618530273,13.399999618530273,12.699999809265137,13.050000190734863,13.050000190734863,26780
2013-07-04,12.800000190734863,15.350000381469727,12.800000190734863,13.399999618530273,13.399999618530273,49571
2013-07-05,13.25,13.5,13.149999618530273,13.149999618530273,13.149999618530273,16186
2013-07-08,12.899999618530273,13.0,12.5,12.800000190734863,12.800000190734863,9854
2013-07-09,13.0,13.199999809265137,12.699999809265137,12.800000190734863,12.800000190734863,11625
2013-07-10,12.850000381469727,13.0,12.75,12.899999618530273,12.899999618530273,11422
2013-07-11,12.699999809265137,13.0,12.100000381469727,12.949999809265137,12.949999809265137,14924
2013-07-12,13.399999618530273,13.899999618530273,12.699999809265137,12.850000381469727,12.850000381469727,13388
2013-07-15,12.75,13.199999809265137,12.75,13.050000190734863,13.050000190734863,11069
2013-07-16,13.100000381469727,13.100000381469727,12.800000190734863,12.800000190734863,12.800000190734863,10835
2013-07-17,12.649999618530273,13.0,12.649999618530273,12.649999618530273,12.649999618530273,11499
2013-07-18,12.699999809265137,12.800000190734863,12.600000381469727,12.75,12.75,4958
2013-07-19,12.699999809265137,12.899999618530273,12.449999809265137,12.449999809265137,12.449999809265137,11237
2013-07-22,12.050000190734863,12.75,12.050000190734863,12.300000190734863,12.300000190734863,4566
2013-07-23,12.5,12.5,12.25,12.300000190734863,12.300000190734863,10562
2013-07-24,12.25,12.25,11.800000190734863,11.899999618530273,11.899999618530273,23440
2013-07-25,11.800000190734863,12.399999618530273,11.699999809265137,11.699999809265137,11.699999809265137,11426
2013-07-26,11.649999618530273,11.899999618530273,11.300000190734863,11.5,11.5,12870
2013-07-29,11.649999618530273,11.75,10.800000190734863,11.050000190734863,11.050000190734863,28972
2013-07-30,10.949999809265137,11.350000381469727,10.399999618530273,10.699999809265137,10.699999809265137,16822
2013-07-31,10.600000381469727,10.699999809265137,10.149999618530273,10.350000381469727,10.350000381469727,16222
2013-08-01,10.0,10.949999809265137,9.449999809265137,9.75,9.75,25876
2013-08-02,9.600000381469727,9.850000381469727,8.550000190734863,8.850000381469727,8.850000381469727,33076
2013-08-05,9.149999618530273,9.199999809265137,8.899999618530273,9.0,9.0,28218
2013-08-06,9.0,9.0,8.300000190734863,8.5,8.5,14165
2013-08-07,8.399999618530273,9.0,7.900000095367432,8.75,8.75,30692
2013-08-08,8.600000381469727,9.449999809265137,8.600000381469727,9.050000190734863,9.050000190734863,19382
2013-08-12,9.449999809265137,9.449999809265137,9.100000381469727,9.149999618530273,9.149999618530273,15708
2013-08-13,9.0,10.350000381469727,9.0,10.149999618530273,10.149999618530273,23823
2013-08-14,10.75,10.850000381469727,9.550000190734863,9.899999618530273,9.899999618530273,53507
2013-08-16,10.100000381469727,10.100000381469727,9.300000190734863,9.649999618530273,9.649999618530273,18412
2013-08-19,9.0,9.449999809265137,9.0,9.25,9.25,14636
2013-08-20,9.350000381469727,9.350000381469727,8.5,9.0,9.0,26439
2013-08-21,9.0,9.199999809265137,8.199999809265137,8.899999618530273,8.899999618530273,37926
2013-08-22,10.5,10.5,8.75,9.0,9.0,7955
2013-08-23,9.0,9.649999618530273,8.899999618530273,8.949999809265137,8.949999809265137,12162
2013-08-26,9.0,9.300000190734863,9.0,9.100000381469727,9.100000381469727,7940
2013-08-27,9.0,9.25,8.699999809265137,8.949999809265137,8.949999809265137,6671
2013-08-28,8.800000190734863,9.149999618530273,8.600000381469727,8.850000381469727,8.850000381469727,5169
2013-08-29,8.850000381469727,9.199999809265137,8.550000190734863,8.899999618530273,8.899999618530273,2706
2013-08-30,8.800000190734863,9.199999809265137,8.5,8.699999809265137,8.699999809265137,10209
2013-09-02,9.0,9.0,8.75,9.0,9.0,7302
2013-09-03,9.0,9.149999618530273,8.449999809265137,8.699999809265137,8.699999809265137,7170
2013-09-04,8.75,9.149999618530273,7.5,8.899999618530273,8.899999618530273,44532
2013-09-05,9.75,9.75,8.600000381469727,9.0,9.0,20604
2013-09-06,10.0,10.0,8.899999618530273,9.5,9.5,37666
2013-09-10,9.75,9.899999618530273,9.449999809265137,9.5,9.5,26127
2013-09-11,11.0,11.0,9.300000190734863,10.0,10.0,43994
2013-09-12,10.75,10.75,9.5,9.75,9.75,40965
2013-09-13,10.0,11.699999809265137,9.699999809265137,11.5,11.5,330325
2013-09-16,11.699999809265137,12.699999809265137,11.050000190734863,12.399999618530273,12.399999618530273,276605
2013-09-17,12.850000381469727,13.449999809265137,12.600000381469727,13.100000381469727,13.100000381469727,727575
2013-09-18,12.899999618530273,12.949999809265137,12.050000190734863,12.350000381469727,12.350000381469727,71645
2013-09-19,12.800000190734863,12.949999809265137,11.899999618530273,12.0,12.0,51621
2013-09-20,11.850000381469727,11.899999618530273,11.5,11.550000190734863,11.550000190734863,22837
2013-09-23,11.300000190734863,11.649999618530273,11.199999809265137,11.300000190734863,11.300000190734863,14922
2013-09-24,11.300000190734863,11.649999618530273,10.699999809265137,10.949999809265137,10.949999809265137,43641
2013-09-25,11.050000190734863,11.149999618530273,10.850000381469727,10.949999809265137,10.949999809265137,15998
2013-09-26,10.850000381469727,11.199999809265137,10.800000190734863,10.899999618530273,10.899999618530273,10637
2013-09-27,10.800000190734863,11.050000190734863,10.600000381469727,10.699999809265137,10.699999809265137,18023
2013-09-30,10.699999809265137,10.949999809265137,10.449999809265137,10.850000381469727,10.850000381469727,5894
2013-10-01,10.699999809265137,10.899999618530273,10.5,10.550000190734863,10.550000190734863,8929
2013-10-03,10.449999809265137,12.050000190734863,10.449999809265137,11.350000381469727,11.350000381469727,59279
2013-10-04,11.600000381469727,12.350000381469727,11.5,11.75,11.75,106392
2013-10-07,11.800000190734863,12.100000381469727,11.199999809265137,12.0,12.0,34620
2013-10-08,11.949999809265137,12.0,11.649999618530273,11.949999809265137,11.949999809265137,10775
2013-10-09,12.399999618530273,12.399999618530273,11.699999809265137,11.949999809265137,11.949999809265137,30879
2013-10-10,12.399999618530273,12.399999618530273,11.149999618530273,12.050000190734863,12.050000190734863,20668
2013-10-11,12.5,12.5,11.850000381469727,12.0,12.0,15300
2013-10-14,11.850000381469727,12.25,11.300000190734863,11.949999809265137,11.949999809265137,10197
2013-10-15,12.050000190734863,12.100000381469727,11.5,11.899999618530273,11.899999618530273,42358
2013-10-17,12.649999618530273,13.5,12.649999618530273,13.100000381469727,13.100000381469727,442082
2013-10-18,12.899999618530273,13.100000381469727,12.399999618530273,12.550000190734863,12.550000190734863,40480
2013-10-21,12.399999618530273,13.5,12.199999809265137,12.850000381469727,12.850000381469727,64494
2013-10-22,12.699999809265137,13.199999809265137,12.449999809265137,13.0,13.0,53782
2013-10-23,13.5,13.899999618530273,13.199999809265137,13.350000381469727,13.350000381469727,172141
2013-10-24,13.300000190734863,13.649999618530273,13.199999809265137,13.449999809265137,13.449999809265137,38513
2013-10-25,13.199999809265137,13.449999809265137,13.0,13.100000381469727,13.100000381469727,20990
2013-10-28,12.899999618530273,13.300000190734863,12.5,13.0,13.0,21754
2013-10-29,13.5,13.5,12.800000190734863,13.050000190734863,13.050000190734863,14798
2013-10-30,13.5,15.399999618530273,12.600000381469727,14.899999618530273,14.899999618530273,346914
2013-10-31,15.0,15.0,13.600000381469727,13.800000190734863,13.800000190734863,196494
2013-11-01,13.800000190734863,14.5,13.5,13.850000381469727,13.850000381469727,96454
2013-11-05,14.100000381469727,14.5,13.449999809265137,13.600000381469727,13.600000381469727,72363
2013-11-06,13.949999809265137,14.449999809265137,13.649999618530273,14.0,14.0,71467
2013-11-07,13.850000381469727,14.350000381469727,13.600000381469727,13.800000190734863,13.800000190734863,37903
2013-11-08,13.699999809265137,13.899999618530273,13.25,13.699999809265137,13.699999809265137,15494
2013-11-11,13.699999809265137,13.899999618530273,13.300000190734863,13.600000381469727,13.600000381469727,7174
2013-11-12,13.5,13.75,13.050000190734863,13.149999618530273,13.149999618530273,22272
2013-11-13,13.050000190734863,13.350000381469727,11.649999618530273,12.5,12.5,71538
2013-11-14,12.600000381469727,13.300000190734863,12.149999618530273,12.399999618530273,12.399999618530273,33280
2013-11-18,12.300000190734863,13.149999618530273,12.300000190734863,13.0,13.0,32509
2013-11-19,13.0,13.100000381469727,12.600000381469727,12.850000381469727,12.850000381469727,12729
2013-11-20,13.300000190734863,13.5,12.699999809265137,13.149999618530273,13.149999618530273,36424
2013-11-21,13.149999618530273,13.399999618530273,12.600000381469727,12.75,12.75,20612
2013-11-22,12.850000381469727,12.899999618530273,12.5,12.699999809265137,12.699999809265137,12483
2013-11-25,12.800000190734863,14.399999618530273,12.600000381469727,14.0,14.0,72368
2013-11-26,14.350000381469727,14.699999809265137,13.600000381469727,13.75,13.75,182107
2013-11-27,13.600000381469727,13.600000381469727,13.100000381469727,13.199999809265137,13.199999809265137,11226
2013-11-28,13.300000190734863,13.5,13.0,13.100000381469727,13.100000381469727,27524
2013-11-29,13.449999809265137,13.449999809265137,12.75,12.949999809265137,12.949999809265137,24737
2013-12-02,12.949999809265137,13.449999809265137,12.75,13.199999809265137,13.199999809265137,19030
2013-12-03,13.300000190734863,13.899999618530273,13.050000190734863,13.449999809265137,13.449999809265137,21033
2013-12-04,13.5,14.25,13.25,13.600000381469727,13.600000381469727,42916
2013-12-05,14.100000381469727,14.100000381469727,13.5,13.550000190734863,13.550000190734863,16806
2013-12-06,14.0,14.600000381469727,13.300000190734863,13.699999809265137,13.699999809265137,90202
2013-12-09,13.600000381469727,13.949999809265137,12.899999618530273,13.25,13.25,45452
2013-12-10,13.449999809265137,13.449999809265137,12.75,12.899999618530273,12.899999618530273,19728
2013-12-11,13.300000190734863,13.300000190734863,12.75,12.850000381469727,12.850000381469727,10946
2013-12-12,12.75,13.100000381469727,12.75,12.800000190734863,12.800000190734863,11052
2013-12-13,13.199999809265137,13.199999809265137,12.75,12.800000190734863,12.800000190734863,17245
2013-12-16,12.800000190734863,13.399999618530273,12.550000190734863,13.0,13.0,32671
2013-12-17,13.399999618530273,13.399999618530273,12.850000381469727,13.300000190734863,13.300000190734863,28686
2013-12-18,13.75,13.899999618530273,13.300000190734863,13.449999809265137,13.449999809265137,194184
2013-12-19,13.399999618530273,13.899999618530273,13.149999618530273,13.550000190734863,13.550000190734863,40441
2013-12-20,13.5,13.5,13.25,13.350000381469727,13.350000381469727,11392
2013-12-23,13.899999618530273,13.899999618530273,13.199999809265137,13.25,13.25,16990
2013-12-24,13.5,13.75,13.25,13.550000190734863,13.550000190734863,29118
2013-12-26,13.800000190734863,15.0,13.399999618530273,14.100000381469727,14.100000381469727,177822
2013-12-27,14.5,14.800000190734863,13.899999618530273,14.149999618530273,14.149999618530273,92993
2013-12-30,14.100000381469727,14.5,13.75,13.899999618530273,13.899999618530273,58972
2013-12-31,13.949999809265137,14.5,13.899999618530273,14.25,14.25,44507
2014-01-01,14.5,14.5,14.0,14.199999809265137,14.199999809265137,24998
2014-01-02,14.5,17.0,14.100000381469727,15.649999618530273,15.649999618530273,1194358
2014-01-03,15.800000190734863,16.049999237060547,14.800000190734863,14.800000190734863,14.800000190734863,161375
2014-01-06,14.800000190734863,15.800000190734863,14.800000190734863,14.949999809265137,14.949999809265137,114339
2014-01-07,15.399999618530273,15.800000190734863,14.800000190734863,15.399999618530273,15.399999618530273,146094
2014-01-08,15.5,15.800000190734863,14.899999618530273,15.300000190734863,15.300000190734863,77136
2014-01-09,15.350000381469727,15.399999618530273,14.800000190734863,15.149999618530273,15.149999618530273,87588
2014-01-10,15.0,15.149999618530273,14.350000381469727,14.649999618530273,14.649999618530273,35618
2014-01-13,14.649999618530273,14.899999618530273,14.300000190734863,14.399999618530273,14.399999618530273,36440
2014-01-14,14.300000190734863,14.699999809265137,14.050000190734863,14.5,14.5,16146
2014-01-15,15.050000190734863,16.700000762939453,15.0,16.149999618530273,16.149999618530273,563384
2014-01-16,16.299999237060547,16.299999237060547,14.699999809265137,15.199999809265137,15.199999809265137,120332
2014-01-17,15.5,15.5,14.649999618530273,14.75,14.75,92540
2014-01-20,14.25,15.0,14.25,14.300000190734863,14.300000190734863,45014
2014-01-21,14.5,14.949999809265137,14.25,14.600000381469727,14.600000381469727,64779
2014-01-22,14.5,14.800000190734863,14.350000381469727,14.5,14.5,25961
2014-01-23,14.800000190734863,14.800000190734863,14.300000190734863,14.350000381469727,14.350000381469727,17222
2014-01-24,14.300000190734863,14.550000190734863,14.0,14.050000190734863,14.050000190734863,29600
2014-01-27,14.050000190734863,14.399999618530273,13.25,13.550000190734863,13.550000190734863,31558
2014-01-28,13.699999809265137,13.899999618530273,13.300000190734863,13.649999618530273,13.649999618530273,9747
2014-01-29,13.800000190734863,14.449999809265137,13.649999618530273,13.699999809265137,13.699999809265137,26737
2014-01-30,13.699999809265137,13.75,13.199999809265137,13.5,13.5,19667
2014-01-31,13.649999618530273,14.0,13.300000190734863,13.449999809265137,13.449999809265137,15870
2014-02-03,13.449999809265137,13.899999618530273,13.399999618530273,13.399999618530273,13.399999618530273,23806
2014-02-04,13.100000381469727,13.5,13.100000381469727,13.399999618530273,13.399999618530273,7756
2014-02-05,13.350000381469727,13.649999618530273,13.199999809265137,13.25,13.25,12587
2014-02-06,13.800000190734863,13.800000190734863,13.199999809265137,13.199999809265137,13.199999809265137,13890
2014-02-07,13.199999809265137,13.5,13.100000381469727,13.25,13.25,17572
2014-02-10,13.300000190734863,14.199999809265137,13.300000190734863,14.0,14.0,33046
2014-02-11,13.899999618530273,14.25,13.600000381469727,14.149999618530273,14.149999618530273,14828
2014-02-12,15.100000381469727,15.300000190734863,14.0,14.199999809265137,14.199999809265137,167266
2014-02-13,14.699999809265137,14.699999809265137,13.100000381469727,13.449999809265137,13.449999809265137,26158
2014-02-14,13.449999809265137,13.649999618530273,13.0,13.350000381469727,13.350000381469727,26330
2014-02-17,14.300000190734863,14.350000381469727,13.050000190734863,13.399999618530273,13.399999618530273,18094
2014-02-18,14.0,15.399999618530273,13.75,14.199999809265137,14.199999809265137,166278
2014-02-19,14.199999809265137,14.449999809265137,14.050000190734863,14.100000381469727,14.100000381469727,11934
2014-02-20,14.0,14.149999618530273,13.800000190734863,13.949999809265137,13.949999809265137,12730
2014-02-21,14.300000190734863,14.300000190734863,13.800000190734863,13.899999618530273,13.899999618530273,10230
2014-02-24,13.800000190734863,14.149999618530273,13.5,13.899999618530273,13.899999618530273,13289
2014-02-25,13.850000381469727,14.149999618530273,13.600000381469727,14.100000381469727,14.100000381469727,16353
2014-02-26,14.0,14.149999618530273,13.850000381469727,13.899999618530273,13.899999618530273,6231
2014-02-28,14.050000190734863,14.199999809265137,13.699999809265137,13.949999809265137,13.949999809265137,9781
2014-03-03,13.800000190734863,14.25,13.649999618530273,13.850000381469727,13.850000381469727,11538
2014-03-04,13.199999809265137,14.199999809265137,13.199999809265137,13.800000190734863,13.800000190734863,9274
2014-03-05,13.949999809265137,14.449999809265137,13.75,13.800000190734863,13.800000190734863,27268
2014-03-06,13.800000190734863,14.199999809265137,13.800000190734863,14.0,14.0,19965
2014-03-07,14.199999809265137,14.399999618530273,13.800000190734863,13.850000381469727,13.850000381469727,38139
2014-03-10,13.699999809265137,14.300000190734863,13.699999809265137,13.75,13.75,14488
2014-03-11,14.0,14.699999809265137,13.699999809265137,14.0,14.0,59724
2014-03-12,13.899999618530273,14.050000190734863,13.75,13.75,13.75,10995
2014-03-13,13.699999809265137,14.149999618530273,13.600000381469727,13.800000190734863,13.800000190734863,24832
2014-03-14,13.149999618530273,13.949999809265137,13.149999618530273,13.699999809265137,13.699999809265137,24008
2014-03-18,13.649999618530273,14.149999618530273,13.350000381469727,13.449999809265137,13.449999809265137,184161
2014-03-19,13.5,13.550000190734863,13.100000381469727,13.149999618530273,13.149999618530273,71966
2014-03-20,13.300000190734863,13.649999618530273,13.100000381469727,13.199999809265137,13.199999809265137,81795
2014-03-21,13.5,13.550000190734863,13.25,13.399999618530273,13.399999618530273,22908
2014-03-24,13.300000190734863,13.899999618530273,13.300000190734863,13.600000381469727,13.600000381469727,30470
2014-03-25,13.449999809265137,13.699999809265137,13.300000190734863,13.399999618530273,13.399999618530273,37979
2014-03-26,13.5,13.600000381469727,13.149999618530273,13.199999809265137,13.199999809265137,34047
2014-03-27,13.199999809265137,13.550000190734863,13.149999618530273,13.350000381469727,13.350000381469727,15324
2014-03-28,13.600000381469727,14.0,13.350000381469727,13.75,13.75,18381
2014-03-31,13.699999809265137,14.449999809265137,13.550000190734863,13.949999809265137,13.949999809265137,31131
2014-04-01,13.899999618530273,14.100000381469727,13.649999618530273,13.949999809265137,13.949999809265137,31119
2014-04-02,14.199999809265137,14.699999809265137,14.100000381469727,14.5,14.5,47531
2014-04-03,14.399999618530273,14.5,13.949999809265137,13.949999809265137,13.949999809265137,19009
2014-04-04,13.899999618530273,15.300000190734863,13.899999618530273,14.800000190734863,14.800000190734863,108352
2014-04-07,15.300000190734863,15.449999809265137,14.25,14.800000190734863,14.800000190734863,51600
2014-04-09,14.75,15.25,14.300000190734863,15.050000190734863,15.050000190734863,93014
2014-04-10,15.449999809265137,15.600000381469727,14.699999809265137,14.949999809265137,14.949999809265137,102039
2014-04-11,14.850000381469727,16.200000762939453,14.600000381469727,15.949999809265137,15.949999809265137,95903
2014-04-15,16.0,16.399999618530273,15.199999809265137,15.25,15.25,55854
2014-04-16,15.199999809265137,15.350000381469727,14.399999618530273,14.550000190734863,14.550000190734863,45179
2014-04-17,15.0,15.0,14.550000190734863,14.649999618530273,14.649999618530273,18756
2014-04-21,14.649999618530273,15.100000381469727,14.649999618530273,15.050000190734863,15.050000190734863,32640
2014-04-22,15.199999809265137,15.800000190734863,15.0,15.5,15.5,54771
2014-04-23,15.600000381469727,15.800000190734863,15.25,15.399999618530273,15.399999618530273,48007
2014-04-24,15.399999618530273,15.399999618530273,15.399999618530273,15.399999618530273,15.399999618530273,0
2014-04-25,15.199999809265137,16.100000381469727,15.199999809265137,15.550000190734863,15.550000190734863,52876
2014-04-28,15.5,15.850000381469727,15.0,15.699999809265137,15.699999809265137,45195
2014-04-29,15.5,17.5,15.25,17.049999237060547,17.049999237060547,267053
2014-04-30,17.049999237060547,17.399999618530273,15.550000190734863,15.800000190734863,15.800000190734863,75067
2014-05-02,15.5,16.25,15.100000381469727,15.5,15.5,43815
2014-05-05,15.5,15.649999618530273,15.149999618530273,15.149999618530273,15.149999618530273,15862
2014-05-06,15.0,15.449999809265137,15.0,15.149999618530273,15.149999618530273,13281
2014-05-07,15.050000190734863,15.399999618530273,14.550000190734863,14.800000190734863,14.800000190734863,21970
2014-05-08,14.5,15.0,14.5,14.699999809265137,14.699999809265137,21224
2014-05-09,14.699999809265137,15.25,14.600000381469727,14.800000190734863,14.800000190734863,25087
2014-05-12,15.399999618530273,15.399999618530273,14.800000190734863,14.949999809265137,14.949999809265137,29888
2014-05-13,15.100000381469727,17.200000762939453,15.100000381469727,16.100000381469727,16.100000381469727,243497
2014-05-14,16.25,16.950000762939453,16.100000381469727,16.299989700317383,16.299989700317383,40709
2014-05-15,16.600000381469727,17.450000762939453,16.100000381469727,16.149999618530273,16.149999618530273,64450
2014-05-16,16.25,16.450000762939453,15.100000381469727,15.399999618530273,15.399999618530273,39814
2014-05-19,15.300000190734863,17.149999618530273,15.100000381469727,16.950000762939453,16.950000762939453,131360
2014-05-20,17.399999618530273,18.0,16.149999618530273,17.350000381469727,17.350000381469727,160750
2014-05-21,17.399999618530273,19.200000762939453,17.0,18.950000762939453,18.950000762939453,239524
2014-05-22,19.0,19.850000381469727,18.950000762939453,19.299999237060547,19.299999237060547,133395
2014-05-23,19.350000381469727,21.25,19.350000381469727,20.450000762939453,20.450000762939453,272120
2014-05-26,20.649999618530273,22.0,17.0,18.350000381469727,18.350000381469727,214250
2014-05-27,18.100000381469727,21.450000762939453,17.049999237060547,20.200000762939453,20.200000762939453,221125
2014-05-28,22.75,22.75,21.200000762939453,21.549999237060547,21.549999237060547,732258
2014-05-29,21.350000381469727,21.950000762939453,20.100000381469727,20.299999237060547,20.299999237060547,124402
2014-05-30,20.299999237060547,22.0,20.0,20.25,20.25,127904
2014-06-02,20.149999618530273,20.850000381469727,19.600000381469727,20.100000381469727,20.100000381469727,70591
2014-06-03,20.100000381469727,20.5,19.700000762939453,20.299999237060547,20.299999237060547,76210
2014-06-04,20.100000381469727,20.700000762939453,19.899999618530273,20.049999237060547,20.049999237060547,130280
2014-06-05,20.149999618530273,22.299999237060547,20.0,21.0,21.0,240351
2014-06-06,21.600000381469727,21.649999618530273,20.0,20.25,20.25,61341
2014-06-09,20.25,20.899999618530273,19.649999618530273,20.450000762939453,20.450000762939453,83020
2014-06-10,20.0,20.149999618530273,19.600000381469727,19.899999618530273,19.899999618530273,93085
2014-06-11,19.700000762939453,20.399999618530273,19.25,19.399999618530273,19.399999618530273,39629
2014-06-12,18.5,20.200000762939453,18.5,19.649999618530273,19.649999618530273,53049
2014-06-13,18.950000762939453,19.799999237060547,18.700000762939453,18.75,18.75,35930
2014-06-16,18.0,19.0,17.899999618530273,18.75,18.75,18861
2014-06-17,19.549999237060547,19.549999237060547,18.0,18.899999618530273,18.899999618530273,8458
2014-06-18,18.899999618530273,19.0,18.049999237060547,18.649999618530273,18.649999618530273,27361
2014-06-19,18.75,19.149999618530273,18.149999618530273,18.25,18.25,10009
2014-06-20,18.049999237060547,18.5,17.75,17.75,17.75,21229
2014-06-23,17.25,18.299999237060547,17.049999237060547,17.75,17.75,10620
2014-06-24,17.299999237060547,18.450000762939453,17.299999237060547,18.0,18.0,14232
2014-06-25,18.649999618530273,18.75,17.399999618530273,18.5,18.5,22737
2014-06-26,18.75,18.899999618530273,18.100000381469727,18.75,18.75,14860
2014-06-27,18.600000381469727,19.649999618530273,18.5,19.450000762939453,19.450000762939453,44169
2014-06-30,20.350000381469727,20.399999618530273,19.100000381469727,19.700000762939453,19.700000762939453,84626
2014-07-01,20.299999237060547,20.549999237060547,19.299999237060547,20.25,20.25,128272
2014-07-02,20.100000381469727,20.549999237060547,19.549999237060547,19.649999618530273,19.649999618530273,52303
2014-07-03,19.600000381469727,20.25,19.049999237060547,19.149999618530273,19.149999618530273,37122
2014-07-04,19.950000762939453,19.950000762939453,18.350000381469727,18.75,18.75,64769
2014-07-07,18.649999618530273,19.049999237060547,18.5,18.700000762939453,18.700000762939453,25369
2014-07-08,19.200000762939453,19.25,17.799999237060547,17.850000381469727,17.850000381469727,78093
2014-07-09,17.950000762939453,18.0,17.0,17.25,17.25,25776
2014-07-10,17.850000381469727,18.0,17.0,17.450000762939453,17.450000762939453,110557
2014-07-11,17.200000762939453,17.75,16.799999237060547,17.0,17.0,45860
2014-07-14,17.700000762939453,17.700000762939453,16.450000762939453,16.700000762939453,16.700000762939453,8883
2014-07-15,16.549999237060547,17.399999618530273,16.549999237060547,16.850000381469727,16.850000381469727,11274
2014-07-16,16.899999618530273,17.299999237060547,16.75,17.25,17.25,41466
2014-07-17,17.100000381469727,17.399999618530273,16.899999618530273,17.100000381469727,17.100000381469727,20870
2014-07-18,17.100000381469727,17.450000762939453,16.649999618530273,17.200000762939453,17.200000762939453,22783
2014-07-21,17.5,17.5,16.700000762939453,16.850000381469727,16.850000381469727,22079
2014-07-22,17.149999618530273,17.399999618530273,16.75,16.950000762939453,16.950000762939453,34522
2014-07-23,17.0,17.149999618530273,16.700000762939453,16.799999237060547,16.799999237060547,6687
2014-07-24,16.649999618530273,17.100000381469727,16.600000381469727,16.700000762939453,16.700000762939453,26993
2014-07-25,17.0,17.399999618530273,16.350000381469727,16.850000381469727,16.850000381469727,20791
2014-07-28,16.850000381469727,17.5,16.600000381469727,17.049999237060547,17.049999237060547,35409
2014-07-30,16.600000381469727,17.200000762939453,16.600000381469727,16.75,16.75,15107
2014-07-31,16.799999237060547,17.100000381469727,16.450000762939453,16.799999237060547,16.799999237060547,7844
2014-08-01,16.75,17.0,16.5,16.600000381469727,16.600000381469727,11897
2014-08-04,16.700000762939453,17.299999237060547,16.700000762939453,16.75,16.75,21945
2014-08-05,16.799999237060547,17.100000381469727,16.75,16.75,16.75,8630
2014-08-06,16.700000762939453,17.299999237060547,16.399999618530273,16.649999618530273,16.649999618530273,14022
2014-08-07,16.5,16.850000381469727,16.5,16.649999618530273,16.649999618530273,2000
2014-08-08,16.049999237060547,16.600000381469727,16.049999237060547,16.299999237060547,16.299999237060547,19030
2014-08-11,16.25,16.850000381469727,16.100000381469727,16.100000381469727,16.100000381469727,5964
2014-08-12,16.149999618530273,16.450000762939453,16.100000381469727,16.299999237060547,16.299999237060547,14867
2014-08-13,16.350000381469727,16.350000381469727,14.949999809265137,15.5,15.5,30763
2014-08-14,15.050000190734863,15.850000381469727,15.0,15.550000190734863,15.550000190734863,3551
2014-08-18,15.050000190734863,16.5,15.050000190734863,16.149999618530273,16.149999618530273,22728
2014-08-19,15.649999618530273,16.5,15.649999618530273,16.0,16.0,20960
2014-08-20,16.450000762939453,16.5,16.049999237060547,16.350000381469727,16.350000381469727,6143
2014-08-21,16.049999237060547,16.950000762939453,16.049999237060547,16.799999237060547,16.799999237060547,22444
2014-08-22,16.950000762939453,17.200000762939453,16.5,17.0,17.0,16938
2014-08-25,16.799999237060547,17.899999618530273,16.600000381469727,17.700000762939453,17.700000762939453,40688
2014-08-26,18.700000762939453,18.799999237060547,17.700000762939453,18.25,18.25,369858
2014-08-27,18.5,18.5,17.25,17.549999237060547,17.549999237060547,58977
2014-08-28,17.5,19.299999237060547,16.5,19.25,19.25,581521
2014-09-01,19.25,19.450000762939453,18.25,18.549999237060547,18.549999237060547,92151
2014-09-02,18.399999618530273,18.5,17.700000762939453,17.850000381469727,17.850000381469727,81285
2014-09-03,18.0,18.200000762939453,17.350000381469727,17.450000762939453,17.450000762939453,66211
2014-09-04,17.149999618530273,17.399999618530273,16.549999237060547,16.799999237060547,16.799999237060547,34189
2014-09-05,16.600000381469727,17.75,16.600000381469727,17.149999618530273,17.149999618530273,63394
2014-09-08,17.149999618530273,18.75,16.75,18.399999618530273,18.399999618530273,136515
2014-09-09,18.5,22.049999237060547,17.850000381469727,22.049999237060547,22.049999237060547,1341514
2014-09-10,23.0,23.399999618530273,19.75,20.450000762939453,20.450000762939453,843240
2014-09-11,20.899999618530273,21.549999237060547,20.149999618530273,21.25,21.25,197133
2014-09-12,21.899999618530273,22.399999618530273,20.299999237060547,21.649999618530273,21.649999618530273,312335
2014-09-15,21.700000762939453,25.950000762939453,21.700000762939453,25.299999237060547,25.299999237060547,1920761
2014-09-16,25.399999618530273,25.399999618530273,21.0,21.200000762939453,21.200000762939453,519221
2014-09-17,21.600000381469727,22.100000381469727,20.75,21.75,21.75,210080
2014-09-18,21.700000762939453,24.299999237060547,21.5,23.799999237060547,23.799999237060547,311680
2014-09-19,23.600000381469727,23.899999618530273,21.799999237060547,22.799999237060547,22.799999237060547,179505
2014-09-22,22.700000762939453,23.100000381469727,21.100000381469727,22.100000381469727,22.100000381469727,112916
2014-09-23,22.200000762939453,22.450000762939453,21.0,21.149999618530273,21.149999618530273,99197
2014-09-24,21.149999618530273,21.549999237060547,19.350000381469727,19.649999618530273,19.649999618530273,176614
2014-09-25,19.5,19.899999618530273,18.0,18.25,18.25,176760
2014-09-26,18.200000762939453,19.0,18.200000762939453,18.649999618530273,18.649999618530273,102281
2014-09-29,19.5,22.25,18.649999618530273,21.0,21.0,474942
2014-09-30,22.399999618530273,22.600000381469727,20.75,21.0,21.0,393736
2014-10-01,21.950000762939453,21.950000762939453,20.0,20.399999618530273,20.399999618530273,94206
2014-10-07,21.799999237060547,22.100000381469727,19.549999237060547,21.350000381469727,21.350000381469727,128118
2014-10-08,21.950000762939453,21.950000762939453,20.600000381469727,20.899999618530273,20.899999618530273,79708
2014-10-09,20.899999618530273,21.5,20.899999618530273,21.25,21.25,63224
2014-10-10,21.399999618530273,21.399999618530273,20.299999237060547,20.600000381469727,20.600000381469727,38714
2014-10-13,20.649999618530273,20.899999618530273,20.0,20.5,20.5,43930
2014-10-14,20.450000762939453,20.850000381469727,19.700000762939453,20.100000381469727,20.100000381469727,46023
2014-10-15,20.100000381469727,20.100000381469727,20.100000381469727,20.100000381469727,20.100000381469727,0
2014-10-16,19.200000762939453,20.299999237060547,18.950000762939453,19.200000762939453,19.200000762939453,52210
2014-10-17,19.100000381469727,20.0,18.549999237060547,19.200000762939453,19.200000762939453,89445
2014-10-20,19.5,19.799999237060547,18.700000762939453,19.100000381469727,19.100000381469727,46264
2014-10-21,18.950000762939453,19.200000762939453,18.549999237060547,18.649999618530273,18.649999618530273,45931
2014-10-22,18.5,19.5,18.399999618530273,18.850000381469727,18.850000381469727,45734
2014-10-27,19.75,19.75,18.700000762939453,19.100000381469727,19.100000381469727,22572
2014-10-28,19.0,19.649999618530273,18.649999618530273,19.200000762939453,19.200000762939453,51499
2014-10-29,19.950000762939453,19.950000762939453,18.899999618530273,19.049999237060547,19.049999237060547,42067
2014-10-30,19.0,19.450000762939453,18.649999618530273,19.0,19.0,28065
2014-10-31,19.100000381469727,20.799999237060547,19.100000381469727,19.899999618530273,19.899999618530273,80322
2014-11-03,19.700000762939453,21.100000381469727,19.549999237060547,20.700000762939453,20.700000762939453,78533
2014-11-05,20.899999618530273,21.5,20.399999618530273,20.700000762939453,20.700000762939453,73355
2014-11-07,20.399999618530273,21.649999618530273,20.100000381469727,20.850000381469727,20.850000381469727,87163
2014-11-10,21.399999618530273,23.0,20.450000762939453,22.700000762939453,22.700000762939453,257486
2014-11-11,23.700000762939453,25.350000381469727,23.5,24.450000762939453,24.450000762939453,1371897
2014-11-12,24.700000762939453,25.0,23.399999618530273,23.649999618530273,23.649999618530273,245934
2014-11-13,24.450000762939453,24.450000762939453,22.600000381469727,22.850000381469727,22.850000381469727,80847
2014-11-14,22.600000381469727,23.200000762939453,21.5,22.200000762939453,22.200000762939453,100084
2014-11-17,22.5,23.0,21.75,22.100000381469727,22.100000381469727,66845
2014-11-18,22.0,22.75,21.899999618530273,22.149999618530273,22.149999618530273,72586
2014-11-19,22.100000381469727,24.600000381469727,22.0,22.450000762939453,22.450000762939453,184199
2014-11-20,22.200000762939453,23.75,22.200000762939453,22.350000381469727,22.350000381469727,95335
2014-11-21,22.5,22.700000762939453,21.5,21.850000381469727,21.850000381469727,64304
2014-11-24,21.850000381469727,22.5,21.600000381469727,21.899999618530273,21.899999618530273,47600
2014-11-25,22.100000381469727,22.100000381469727,20.350000381469727,20.649999618530273,20.649999618530273,68251
2014-11-26,20.399999618530273,21.399999618530273,20.399999618530273,20.899999618530273,20.899999618530273,24125
2014-11-27,21.899999618530273,21.899999618530273,20.600000381469727,20.75,20.75,32607
2014-11-28,20.700000762939453,20.850000381469727,17.149999618530273,20.049999237060547,20.049999237060547,121218
2014-12-01,19.700000762939453,20.450000762939453,19.5,19.75,19.75,35005
2014-12-02,20.0,20.350000381469727,19.600000381469727,20.049999237060547,20.049999237060547,30621
2014-12-03,19.799999237060547,23.600000381469727,19.549999237060547,22.950000762939453,22.950000762939453,441066
2014-12-04,22.950000762939453,23.399999618530273,22.100000381469727,22.299999237060547,22.299999237060547,76245
2014-12-05,22.0,24.0,21.399999618530273,23.200000762939453,23.200000762939453,227634
2014-12-08,24.0,25.899999618530273,22.549999237060547,25.450000762939453,25.450000762939453,938568
2014-12-09,25.850000381469727,26.100000381469727,23.25,23.5,23.5,665380
2014-12-10,23.950000762939453,24.899999618530273,23.100000381469727,23.75,23.75,182410
2014-12-11,23.549999237060547,23.600000381469727,22.75,23.0,23.0,98101
2014-12-12,23.5,23.5,21.850000381469727,22.0,22.0,54571
2014-12-15,21.5,22.0,20.100000381469727,21.25,21.25,72147
2014-12-16,21.25,21.5,19.649999618530273,19.950000762939453,19.950000762939453,87575
2014-12-17,19.700000762939453,20.5,18.899999618530273,19.549999237060547,19.549999237060547,105516
2014-12-18,20.100000381469727,21.299999237060547,20.100000381469727,20.899999618530273,20.899999618530273,91310
2014-12-19,21.399999618530273,22.5,20.5,20.899999618530273,20.899999618530273,112182
2014-12-22,21.700000762939453,21.700000762939453,20.5,20.799999237060547,20.799999237060547,18622
2014-12-23,20.700000762939453,20.950000762939453,19.850000381469727,20.149999618530273,20.149999618530273,30019
2014-12-24,21.0,24.0,21.0,22.899999618530273,22.899999618530273,1158468
2014-12-26,23.0,24.549999237060547,22.850000381469727,23.799999237060547,23.799999237060547,863329
2014-12-29,24.25,28.549999237060547,23.399999618530273,28.549999237060547,28.549999237060547,1893661
2014-12-30,29.5,30.799999237060547,27.100000381469727,28.0,28.0,1437130
2014-12-31,28.049999237060547,33.599998474121094,28.049999237060547,33.599998474121094,33.599998474121094,3259197
2015-01-01,34.150001525878906,34.900001525878906,32.599998474121094,33.54999923706055,33.54999923706055,1803737
2015-01-02,33.5,34.400001525878906,32.0,32.79999923706055,32.79999923706055,741413
2015-01-05,32.400001525878906,33.79999923706055,31.200000762939453,31.950000762939453,31.950000762939453,482570
2015-01-06,31.5,32.5,29.299999237060547,29.700000762939453,29.700000762939453,1218427
2015-01-07,30.350000381469727,32.25,29.549999237060547,31.049999237060547,31.049999237060547,1057882
2015-01-08,32.0,32.849998474121094,31.700000762939453,32.150001525878906,32.150001525878906,714809
2015-01-09,32.849998474121094,33.150001525878906,31.0,31.450000762939453,31.450000762939453,355001
2015-01-12,31.0,34.54999923706055,31.0,34.54999923706055,34.54999923706055,1098941
2015-01-13,35.849998474121094,38.0,35.04999923706055,36.29999923706055,36.29999923706055,2361762
2015-01-14,36.75,38.599998474121094,35.54999923706055,38.099998474121094,38.099998474121094,1061082
2015-01-15,38.75,39.599998474121094,37.0,37.29999923706055,37.29999923706055,609569
2015-01-16,37.20000076293945,37.75,36.0,36.75,36.75,421067
2015-01-19,36.20000076293945,37.849998474121094,35.54999923706055,36.75,36.75,500384
2015-01-20,37.349998474121094,37.54999923706055,36.099998474121094,36.400001525878906,36.400001525878906,572083
2015-01-21,36.849998474121094,36.849998474121094,34.599998474121094,35.099998474121094,35.099998474121094,287967
2015-01-22,35.099998474121094,35.70000076293945,34.20000076293945,34.79999923706055,34.79999923706055,245419
2015-01-23,34.95000076293945,35.5,32.25,33.0,33.0,229310
2015-01-27,33.29999923706055,36.29999923706055,32.0,36.29999923706055,36.29999923706055,1067803
2015-01-28,36.95000076293945,37.04999923706055,33.70000076293945,34.599998474121094,34.599998474121094,522233
2015-01-29,34.45000076293945,35.75,33.29999923706055,35.099998474121094,35.099998474121094,348835
2015-01-30,35.0,35.400001525878906,33.5,33.849998474121094,33.849998474121094,180230
2015-02-02,34.20000076293945,35.20000076293945,33.70000076293945,33.95000076293945,33.95000076293945,140612
2015-02-03,35.0,35.0,33.099998474121094,33.599998474121094,33.599998474121094,143777
2015-02-04,33.5,33.900001525878906,32.650001525878906,33.04999923706055,33.04999923706055,100624
2015-02-05,33.400001525878906,33.650001525878906,29.75,30.600000381469727,30.600000381469727,247836
2015-02-06,31.850000381469727,31.850000381469727,29.100000381469727,29.549999237060547,29.549999237060547,266874
2015-02-09,29.049999237060547,33.650001525878906,28.75,30.950000762939453,30.950000762939453,315648
2015-02-10,31.899999618530273,33.099998474121094,29.700000762939453,30.950000762939453,30.950000762939453,247532
2015-02-11,31.200000762939453,32.79999923706055,30.899999618530273,31.799999237060547,31.799999237060547,260571
2015-02-12,32.099998474121094,34.599998474121094,31.5,34.29999923706055,34.29999923706055,367328
2015-02-13,34.79999923706055,34.900001525878906,32.20000076293945,32.599998474121094,32.599998474121094,278562
2015-02-16,32.849998474121094,34.29999923706055,32.45000076293945,32.70000076293945,32.70000076293945,163706
2015-02-18,32.900001525878906,35.25,32.70000076293945,34.400001525878906,34.400001525878906,410670
2015-02-19,34.70000076293945,35.900001525878906,33.25,33.95000076293945,33.95000076293945,156957
2015-02-20,33.599998474121094,38.5,33.400001525878906,37.650001525878906,37.650001525878906,1103618
2015-02-23,40.0,40.900001525878906,38.400001525878906,38.70000076293945,38.70000076293945,1926606
2015-02-24,38.849998474121094,39.54999923706055,36.54999923706055,37.150001525878906,37.150001525878906,351546
2015-02-25,38.45000076293945,38.95000076293945,36.29999923706055,36.75,36.75,304707
2015-02-26,36.849998474121094,36.849998474121094,34.79999923706055,35.0,35.0,192931
2015-02-27,35.29999923706055,37.25,35.0,36.599998474121094,36.599998474121094,265994
2015-03-02,35.29999923706055,35.75,34.099998474121094,34.400001525878906,34.400001525878906,144130
2015-03-03,35.150001525878906,35.54999923706055,34.0,34.25,34.25,180503
2015-03-04,34.45000076293945,34.45000076293945,31.600000381469727,31.950000762939453,31.950000762939453,182733
2015-03-05,32.5,33.599998474121094,31.950000762939453,32.099998474121094,32.099998474121094,159648
2015-03-09,32.04999923706055,38.5,31.25,37.349998474121094,37.349998474121094,1588310
2015-03-10,37.95000076293945,38.45000076293945,35.0,35.650001525878906,35.650001525878906,494964
2015-03-11,35.900001525878906,36.29999923706055,34.099998474121094,34.25,34.25,152940
2015-03-12,34.099998474121094,36.900001525878906,34.099998474121094,36.0,36.0,286534
2015-03-13,36.349998474121094,36.349998474121094,33.25,33.95000076293945,33.95000076293945,295635
2015-03-16,33.5,34.349998474121094,32.650001525878906,32.95000076293945,32.95000076293945,115410
2015-03-17,33.45000076293945,35.45000076293945,33.099998474121094,33.79999923706055,33.79999923706055,154939
2015-03-18,34.5,34.70000076293945,33.25,33.5,33.5,104304
2015-03-19,34.099998474121094,34.400001525878906,30.75,32.099998474121094,32.099998474121094,135746
2015-03-20,32.400001525878906,32.900001525878906,30.700000762939453,31.149999618530273,31.149999618530273,235748
2015-03-23,31.399999618530273,31.700000762939453,29.25,29.700000762939453,29.700000762939453,115260
2015-03-24,28.649999618530273,32.599998474121094,28.5,30.75,30.75,303629
2015-03-25,30.75,31.399999618530273,28.950000762939453,29.649999618530273,29.649999618530273,113876
2015-03-26,29.149999618530273,30.299999237060547,29.0,29.350000381469727,29.350000381469727,107381
2015-03-27,29.600000381469727,30.399999618530273,27.399999618530273,28.700000762939453,28.700000762939453,137869
2015-03-30,29.25,31.0,29.25,30.450000762939453,30.450000762939453,107413
2015-03-31,30.5,32.0,30.5,30.799999237060547,30.799999237060547,90293
2015-04-01,30.549999237060547,32.5,30.549999237060547,31.75,31.75,116804
2015-04-06,31.75,33.400001525878906,31.5,32.79999923706055,32.79999923706055,123940
2015-04-07,33.0,34.900001525878906,31.5,33.599998474121094,33.599998474121094,242555
2015-04-08,34.20000076293945,35.29999923706055,33.45000076293945,33.650001525878906,33.650001525878906,169829
2015-04-09,33.95000076293945,35.20000076293945,33.20000076293945,34.900001525878906,34.900001525878906,264227
2015-04-10,34.25,35.650001525878906,34.25,35.0,35.0,164380
2015-04-13,35.04999923706055,35.400001525878906,34.0,34.650001525878906,34.650001525878906,118031
2015-04-15,34.849998474121094,36.400001525878906,34.099998474121094,34.54999923706055,34.54999923706055,221192
2015-04-16,34.54999923706055,35.0,33.349998474121094,33.650001525878906,33.650001525878906,92214
2015-04-17,33.400001525878906,34.0,32.29999923706055,32.70000076293945,32.70000076293945,106269
2015-04-20,32.849998474121094,32.849998474121094,31.100000381469727,31.700000762939453,31.700000762939453,57265
2015-04-21,31.450000762939453,32.099998474121094,31.0,31.299999237060547,31.299999237060547,62752
2015-04-22,31.25,32.0,28.649999618530273,30.25,30.25,79051
2015-04-23,31.049999237060547,31.899999618530273,30.299999237060547,30.600000381469727,30.600000381469727,50668
2015-04-24,30.600000381469727,30.950000762939453,29.100000381469727,29.649999618530273,29.649999618530273,77448
2015-04-27,29.75,30.25,27.25,27.850000381469727,27.850000381469727,121429
2015-04-28,27.799999237060547,29.200000762939453,27.25,28.200000762939453,28.200000762939453,105556
2015-04-29,28.5,29.450000762939453,28.049999237060547,28.899999618530273,28.899999618530273,43781
2015-04-30,28.850000381469727,29.5,28.200000762939453,28.850000381469727,28.850000381469727,33517
2015-05-04,29.399999618530273,31.399999618530273,28.899999618530273,30.75,30.75,160540
2015-05-05,30.899999618530273,30.950000762939453,29.700000762939453,30.049999237060547,30.049999237060547,80374
2015-05-06,29.950000762939453,31.700000762939453,28.25,29.0,29.0,131850
2015-05-07,28.700000762939453,29.450000762939453,27.200000762939453,27.399999618530273,27.399999618530273,56168
2015-05-08,28.100000381469727,29.049999237060547,28.0,28.25,28.25,40369
2015-05-11,28.049999237060547,29.649999618530273,28.049999237060547,28.899999618530273,28.899999618530273,47109
2015-05-12,28.850000381469727,28.850000381469727,27.5,27.600000381469727,27.600000381469727,36554
2015-05-13,27.799999237060547,28.899999618530273,27.799999237060547,28.100000381469727,28.100000381469727,64544
2015-05-14,28.450000762939453,28.450000762939453,27.5,27.700000762939453,27.700000762939453,25138
2015-05-15,27.950000762939453,28.799999237060547,27.850000381469727,27.899999618530273,27.899999618530273,52600
2015-05-18,28.0,28.399999618530273,27.75,28.049999237060547,28.049999237060547,28316
2015-05-19,28.25,29.350000381469727,27.700000762939453,28.450000762939453,28.450000762939453,56762
2015-05-20,28.600000381469727,29.399999618530273,27.850000381469727,28.450000762939453,28.450000762939453,63378
2015-05-21,28.350000381469727,28.899999618530273,28.200000762939453,28.25,28.25,26873
2015-05-22,28.850000381469727,28.850000381469727,28.0,28.100000381469727,28.100000381469727,26007
2015-05-25,27.850000381469727,28.899999618530273,27.850000381469727,28.200000762939453,28.200000762939453,37218
2015-05-26,28.700000762939453,28.75,27.899999618530273,28.049999237060547,28.049999237060547,49484
2015-05-27,27.899999618530273,29.0,27.600000381469727,27.850000381469727,27.850000381469727,87758
2015-05-28,28.399999618530273,28.700000762939453,27.549999237060547,27.700000762939453,27.700000762939453,23222
2015-05-29,28.149999618530273,28.200000762939453,27.450000762939453,27.700000762939453,27.700000762939453,18937
2015-06-01,28.350000381469727,28.350000381469727,26.799999237060547,26.950000762939453,26.950000762939453,73811
2015-06-02,26.899999618530273,26.899999618530273,25.600000381469727,25.850000381469727,25.850000381469727,45875
2015-06-03,25.850000381469727,26.049999237060547,22.600000381469727,23.200000762939453,23.200000762939453,90232
2015-06-04,25.399999618530273,25.450000762939453,23.0,23.649999618530273,23.649999618530273,125868
2015-06-05,24.700000762939453,25.5,23.399999618530273,23.850000381469727,23.850000381469727,94924
2015-06-08,23.549999237060547,23.950000762939453,22.799999237060547,23.100000381469727,23.100000381469727,16530
2015-06-09,23.450000762939453,23.450000762939453,22.549999237060547,22.75,22.75,31668
2015-06-10,22.75,24.399999618530273,22.75,23.350000381469727,23.350000381469727,57805
2015-06-11,23.899999618530273,23.950000762939453,22.700000762939453,22.850000381469727,22.850000381469727,16781
2015-06-12,22.899999618530273,23.200000762939453,22.25,22.399999618530273,22.399999618530273,20765
2015-06-15,22.149999618530273,23.200000762939453,22.149999618530273,22.649999618530273,22.649999618530273,14025
2015-06-16,22.799999237060547,23.200000762939453,22.049999237060547,22.450000762939453,22.450000762939453,20604
2015-06-17,22.700000762939453,23.700000762939453,22.700000762939453,23.0,23.0,31892
2015-06-18,23.399999618530273,23.649999618530273,22.899999618530273,23.25,23.25,37668
2015-06-19,23.0,24.200000762939453,23.0,23.549999237060547,23.549999237060547,71545
2015-06-22,23.100000381469727,24.399999618530273,23.100000381469727,24.149999618530273,24.149999618530273,42778
2015-06-23,24.350000381469727,26.350000381469727,23.299999237060547,25.25,25.25,116193
2015-06-24,25.0,26.950000762939453,24.700000762939453,25.549999237060547,25.549999237060547,103150
2015-06-25,25.0,26.049999237060547,24.799999237060547,25.049999237060547,25.049999237060547,41286
2015-06-26,24.950000762939453,25.350000381469727,24.350000381469727,24.700000762939453,24.700000762939453,84375
2015-06-29,24.700000762939453,24.700000762939453,23.149999618530273,24.200000762939453,24.200000762939453,41436
2015-06-30,24.149999618530273,24.450000762939453,24.0,24.200000762939453,24.200000762939453,20743
2015-07-01,24.049999237060547,26.549999237060547,24.049999237060547,25.700000762939453,25.700000762939453,89362
2015-07-02,27.299999237060547,29.0,27.299999237060547,28.350000381469727,28.350000381469727,598707
2015-07-03,28.0,28.5,27.149999618530273,27.25,27.25,67427
2015-07-06,26.899999618530273,31.700000762939453,26.299999237060547,31.049999237060547,31.049999237060547,443605
2015-07-07,31.799999237060547,31.950000762939453,29.5,30.200000762939453,30.200000762939453,251971
2015-07-08,30.0,32.400001525878906,29.0,30.600000381469727,30.600000381469727,237900
2015-07-09,31.200000762939453,32.0,30.5,31.049999237060547,31.049999237060547,106572
2015-07-10,31.049999237060547,34.75,31.049999237060547,34.04999923706055,34.04999923706055,461976
2015-07-13,33.5,34.25,32.400001525878906,32.599998474121094,32.599998474121094,153406
2015-07-14,32.95000076293945,36.25,32.599998474121094,33.5,33.5,437160
2015-07-15,33.75,34.95000076293945,33.150001525878906,33.54999923706055,33.54999923706055,158890
2015-07-16,33.70000076293945,35.349998474121094,32.79999923706055,33.45000076293945,33.45000076293945,241989
2015-07-17,33.25,34.5,33.25,34.099998474121094,34.099998474121094,112747
2015-07-20,34.29999923706055,38.79999923706055,33.5,37.849998474121094,37.849998474121094,879571
2015-07-21,37.79999923706055,39.70000076293945,35.5,37.04999923706055,37.04999923706055,698002
2015-07-22,39.599998474121094,44.45000076293945,39.400001525878906,44.150001525878906,44.150001525878906,4175754
2015-07-23,44.04999923706055,45.400001525878906,40.20000076293945,43.5,43.5,3287509
2015-07-24,43.0,44.400001525878906,42.0,42.349998474121094,42.349998474121094,735348
2015-07-27,41.95000076293945,42.75,40.0,40.29999923706055,40.29999923706055,396863
2015-07-28,41.0,43.5,40.54999923706055,41.849998474121094,41.849998474121094,752097
2015-07-29,42.150001525878906,42.900001525878906,41.0,41.29999923706055,41.29999923706055,316042
2015-07-30,41.5,42.650001525878906,41.20000076293945,41.5,41.5,202955
2015-07-31,41.95000076293945,42.150001525878906,39.70000076293945,40.099998474121094,40.099998474121094,300090
2015-08-03,39.79999923706055,41.599998474121094,39.0,40.099998474121094,40.099998474121094,251743
2015-08-04,40.599998474121094,40.599998474121094,36.849998474121094,39.099998474121094,39.099998474121094,185623
2015-08-05,39.599998474121094,41.29999923706055,39.0,40.45000076293945,40.45000076293945,406573
2015-08-06,40.79999923706055,40.79999923706055,38.5,38.75,38.75,182835
2015-08-07,39.04999923706055,40.45000076293945,37.54999923706055,38.099998474121094,38.099998474121094,253670
2015-08-10,38.29999923706055,39.25,37.150001525878906,37.70000076293945,37.70000076293945,195078
2015-08-11,37.70000076293945,37.95000076293945,36.70000076293945,37.79999923706055,37.79999923706055,189519
2015-08-12,37.29999923706055,37.5,34.599998474121094,35.0,35.0,243341
2015-08-13,35.599998474121094,36.25,31.649999618530273,32.20000076293945,32.20000076293945,181546
2015-08-14,32.79999923706055,35.5,32.29999923706055,34.150001525878906,34.150001525878906,200447
2015-08-17,34.79999923706055,35.79999923706055,33.29999923706055,34.75,34.75,245062
2015-08-18,34.900001525878906,36.400001525878906,34.400001525878906,35.5,35.5,210561
2015-08-19,35.849998474121094,38.900001525878906,35.099998474121094,36.599998474121094,36.599998474121094,399634
2015-08-20,36.75,37.04999923706055,35.0,35.29999923706055,35.29999923706055,136258
2015-08-21,34.650001525878906,35.70000076293945,33.75,35.0,35.0,152552
2015-08-24,33.900001525878906,34.0,28.5,29.149999618530273,29.149999618530273,147761
2015-08-25,29.549999237060547,30.5,25.049999237060547,27.950000762939453,27.950000762939453,188226
2015-08-26,27.799999237060547,30.399999618530273,26.399999618530273,28.049999237060547,28.049999237060547,151360
2015-08-27,29.799999237060547,30.399999618530273,28.549999237060547,30.049999237060547,30.049999237060547,122587
2015-08-28,30.950000762939453,31.700000762939453,29.25,29.5,29.5,200382
2015-08-31,29.649999618530273,29.950000762939453,28.149999618530273,28.850000381469727,28.850000381469727,106008
2015-09-01,28.700000762939453,28.799999237060547,27.5,27.700000762939453,27.700000762939453,92989
2015-09-02,28.100000381469727,28.5,27.299999237060547,27.950000762939453,27.950000762939453,86189
2015-09-03,28.200000762939453,29.600000381469727,27.299999237060547,29.25,29.25,101119
2015-09-04,29.450000762939453,29.450000762939453,26.149999618530273,27.25,27.25,139342
2015-09-07,26.950000762939453,27.899999618530273,26.799999237060547,26.950000762939453,26.950000762939453,49072
2015-09-08,27.100000381469727,28.25,26.049999237060547,26.850000381469727,26.850000381469727,95044
2015-09-09,27.950000762939453,28.799999237060547,27.549999237060547,28.399999618530273,28.399999618530273,88123
2015-09-10,28.0,28.399999618530273,27.0,27.899999618530273,27.899999618530273,51784
2015-09-11,28.350000381469727,29.399999618530273,27.350000381469727,28.649999618530273,28.649999618530273,110410
2015-09-14,28.75,29.450000762939453,28.350000381469727,28.549999237060547,28.549999237060547,24750
2015-09-15,28.75,28.899999618530273,27.600000381469727,27.850000381469727,27.850000381469727,33805
2015-09-16,28.299999237060547,28.399999618530273,27.5,27.850000381469727,27.850000381469727,44593
2015-09-18,28.5,30.5,27.649999618530273,29.700000762939453,29.700000762939453,112374
2015-09-21,30.0,32.0,29.600000381469727,31.75,31.75,224354
2015-09-22,31.75,32.79999923706055,29.799999237060547,30.25,30.25,145734
2015-09-23,29.950000762939453,31.0,29.100000381469727,30.649999618530273,30.649999618530273,82938
2015-09-24,31.0,31.700000762939453,30.299999237060547,30.799999237060547,30.799999237060547,58632
2015-09-28,31.399999618530273,31.399999618530273,29.25,29.549999237060547,29.549999237060547,92686
2015-09-29,29.549999237060547,31.5,28.700000762939453,30.799999237060547,30.799999237060547,154762
2015-09-30,31.450000762939453,32.0,30.799999237060547,31.049999237060547,31.049999237060547,109368
2015-10-01,31.049999237060547,31.299999237060547,30.100000381469727,30.299999237060547,30.299999237060547,74229
2015-10-05,30.450000762939453,31.399999618530273,30.200000762939453,30.799999237060547,30.799999237060547,60981
2015-10-06,31.049999237060547,31.700000762939453,30.850000381469727,31.100000381469727,31.100000381469727,81015
2015-10-07,31.0,36.900001525878906,30.75,35.95000076293945,35.95000076293945,724552
2015-10-08,35.849998474121094,36.29999923706055,32.900001525878906,33.54999923706055,33.54999923706055,342453
2015-10-09,34.0,34.79999923706055,33.5,33.79999923706055,33.79999923706055,107097
2015-10-12,33.29999923706055,34.20000076293945,32.79999923706055,33.04999923706055,33.04999923706055,73993
2015-10-13,32.150001525878906,34.0,32.150001525878906,33.70000076293945,33.70000076293945,89485
2015-10-14,33.650001525878906,36.75,33.099998474121094,36.400001525878906,36.400001525878906,478939
2015-10-15,37.0,37.900001525878906,36.04999923706055,36.29999923706055,36.29999923706055,767518
2015-10-16,36.5,36.599998474121094,35.150001525878906,35.900001525878906,35.900001525878906,163467
2015-10-19,35.900001525878906,36.29999923706055,35.5,35.900001525878906,35.900001525878906,76985
2015-10-20,36.25,37.0,34.20000076293945,35.29999923706055,35.29999923706055,111602
2015-10-21,35.400001525878906,36.04999923706055,34.04999923706055,34.349998474121094,34.349998474121094,102625
2015-10-23,34.5,36.0,34.099998474121094,34.849998474121094,34.849998474121094,122468
2015-10-26,34.95000076293945,35.29999923706055,34.04999923706055,34.45000076293945,34.45000076293945,55884
2015-10-27,34.599998474121094,34.599998474121094,33.45000076293945,33.849998474121094,33.849998474121094,46843
2015-10-28,34.45000076293945,34.5,33.54999923706055,33.79999923706055,33.79999923706055,71287
2015-10-29,33.95000076293945,34.25,33.29999923706055,33.5,33.5,54244
2015-10-30,33.849998474121094,33.849998474121094,32.099998474121094,32.25,32.25,88389
2015-11-02,32.5,32.5,31.399999618530273,31.549999237060547,31.549999237060547,41523
2015-11-03,31.75,32.95000076293945,31.75,32.29999923706055,32.29999923706055,78112
2015-11-04,32.849998474121094,35.95000076293945,32.45000076293945,35.5,35.5,423743
2015-11-05,36.20000076293945,37.79999923706055,34.79999923706055,35.70000076293945,35.70000076293945,1116037
2015-11-06,35.29999923706055,35.79999923706055,34.099998474121094,34.349998474121094,34.349998474121094,210744
2015-11-09,34.0,34.900001525878906,30.5,34.20000076293945,34.20000076293945,133563
2015-11-10,34.04999923706055,37.0,32.29999923706055,33.95000076293945,33.95000076293945,757385
2015-11-13,34.0,34.20000076293945,33.20000076293945,33.29999923706055,33.29999923706055,92953
2015-11-16,33.0,35.099998474121094,32.650001525878906,33.79999923706055,33.79999923706055,171011
2015-11-17,34.0,34.400001525878906,33.04999923706055,33.349998474121094,33.349998474121094,90379
2015-11-18,33.25,34.0,32.599998474121094,32.70000076293945,32.70000076293945,115664
2015-11-19,33.20000076293945,35.79999923706055,32.849998474121094,35.25,35.25,309366
2015-11-20,36.0,36.150001525878906,33.70000076293945,34.349998474121094,34.349998474121094,577927
2015-11-23,34.400001525878906,35.349998474121094,33.70000076293945,34.0,34.0,119222
2015-11-24,34.0,34.900001525878906,33.70000076293945,34.0,34.0,92662
2015-11-26,34.650001525878906,34.650001525878906,33.849998474121094,34.20000076293945,34.20000076293945,116507
2015-11-27,34.0,36.45000076293945,33.79999923706055,34.95000076293945,34.95000076293945,263739
2015-11-30,35.0,37.79999923706055,34.75,36.599998474121094,36.599998474121094,576924
2015-12-01,37.20000076293945,40.70000076293945,37.099998474121094,39.599998474121094,39.599998474121094,1582486
2015-12-02,40.0,41.70000076293945,39.04999923706055,39.400001525878906,39.400001525878906,700733
2015-12-03,39.599998474121094,40.70000076293945,39.04999923706055,39.29999923706055,39.29999923706055,277714
2015-12-04,38.95000076293945,38.95000076293945,37.900001525878906,38.04999923706055,38.04999923706055,173749
2015-12-07,38.5,39.79999923706055,38.0,38.5,38.5,145504
2015-12-08,38.400001525878906,38.849998474121094,36.25,36.599998474121094,36.599998474121094,125440
2015-12-09,36.599998474121094,37.0,33.599998474121094,34.0,34.0,207773
2015-12-10,34.400001525878906,34.70000076293945,33.79999923706055,34.54999923706055,34.54999923706055,164453
2015-12-11,35.0,35.70000076293945,34.099998474121094,35.20000076293945,35.20000076293945,162107
2015-12-14,35.0,38.0,34.5,36.95000076293945,36.95000076293945,262917
2015-12-15,36.79999923706055,37.900001525878906,36.5,37.25,37.25,96480
2015-12-16,37.5,38.849998474121094,36.849998474121094,37.150001525878906,37.150001525878906,178741
2015-12-17,37.099998474121094,37.95000076293945,36.400001525878906,37.099998474121094,37.099998474121094,87619
2015-12-18,37.0,37.95000076293945,36.54999923706055,37.0,37.0,109735
2015-12-21,37.349998474121094,38.400001525878906,37.04999923706055,37.95000076293945,37.95000076293945,86430
2015-12-22,37.849998474121094,39.70000076293945,37.75,38.150001525878906,38.150001525878906,199764
2015-12-23,38.150001525878906,39.70000076293945,38.04999923706055,38.400001525878906,38.400001525878906,186577
2015-12-24,38.20000076293945,42.70000076293945,38.20000076293945,41.70000076293945,41.70000076293945,1028800
2015-12-28,41.75,42.900001525878906,40.400001525878906,40.75,40.75,271806
2015-12-29,40.95000076293945,41.45000076293945,39.0,39.29999923706055,39.29999923706055,154271
2015-12-30,39.5,42.0,39.20000076293945,39.900001525878906,39.900001525878906,477886
2015-12-31,40.0,40.349998474121094,39.0,39.25,39.25,150527
2016-01-01,39.70000076293945,41.400001525878906,39.29999923706055,40.25,40.25,182697
2016-01-04,40.45000076293945,40.900001525878906,39.099998474121094,39.45000076293945,39.45000076293945,204603
2016-01-05,39.900001525878906,41.5,39.29999923706055,40.150001525878906,40.150001525878906,257259
2016-01-06,40.150001525878906,40.79999923706055,37.70000076293945,38.20000076293945,38.20000076293945,272114
2016-01-07,38.20000076293945,38.20000076293945,36.5,36.650001525878906,36.650001525878906,160861
2016-01-08,37.0,39.5,36.79999923706055,38.75,38.75,276191
2016-01-11,37.95000076293945,38.849998474121094,36.95000076293945,38.20000076293945,38.20000076293945,72510
2016-01-12,38.900001525878906,38.900001525878906,36.79999923706055,37.150001525878906,37.150001525878906,72600
2016-01-13,37.75,38.04999923706055,33.599998474121094,35.29999923706055,35.29999923706055,164908
2016-01-14,34.20000076293945,35.900001525878906,33.0,34.650001525878906,34.650001525878906,109034
2016-01-15,35.0,35.5,32.79999923706055,33.25,33.25,64210
2016-01-18,33.5,34.0,29.799999237060547,30.350000381469727,30.350000381469727,122447
2016-01-19,31.0,31.399999618530273,29.200000762939453,31.049999237060547,31.049999237060547,173228
2016-01-20,31.350000381469727,33.54999923706055,29.75,30.450000762939453,30.450000762939453,672712
2016-01-21,31.25,31.850000381469727,30.299999237060547,30.799999237060547,30.799999237060547,111934
2016-01-22,31.5,32.349998474121094,31.0,32.150001525878906,32.150001525878906,120257
2016-01-25,32.0,33.900001525878906,32.0,33.45000076293945,33.45000076293945,134282
2016-01-27,33.70000076293945,34.0,32.0,32.29999923706055,32.29999923706055,91751
2016-01-28,32.400001525878906,32.400001525878906,31.0,31.600000381469727,31.600000381469727,74151
2016-01-29,31.200000762939453,32.29999923706055,31.200000762939453,32.099998474121094,32.099998474121094,70924
2016-02-01,32.0,32.95000076293945,32.0,32.45000076293945,32.45000076293945,60308
2016-02-02,32.25,32.54999923706055,30.799999237060547,31.049999237060547,31.049999237060547,53282
2016-02-03,30.850000381469727,30.899999618530273,29.799999237060547,30.100000381469727,30.100000381469727,67005
2016-02-04,31.299999237060547,31.450000762939453,29.850000381469727,30.149999618530273,30.149999618530273,70918
2016-02-05,30.149999618530273,30.399999618530273,29.100000381469727,29.950000762939453,29.950000762939453,107908
2016-02-08,29.700000762939453,30.700000762939453,29.5,30.0,30.0,49554
2016-02-09,29.700000762939453,29.950000762939453,29.149999618530273,29.700000762939453,29.700000762939453,26168
2016-02-10,29.899999618530273,29.899999618530273,28.600000381469727,29.200000762939453,29.200000762939453,40298
2016-02-11,29.350000381469727,29.350000381469727,26.049999237060547,26.600000381469727,26.600000381469727,74227
2016-02-12,27.0,27.399999618530273,24.799999237060547,26.299999237060547,26.299999237060547,100203
2016-02-15,25.299999237060547,27.0,25.299999237060547,26.600000381469727,26.600000381469727,158853
2016-02-16,26.899999618530273,26.899999618530273,24.5,24.649999618530273,24.649999618530273,107374
2016-02-17,24.299999237060547,25.25,23.100000381469727,24.600000381469727,24.600000381469727,72870
2016-02-18,24.75,28.299999237060547,24.700000762939453,25.850000381469727,25.850000381469727,159203
2016-02-19,26.149999618530273,28.200000762939453,25.25,27.850000381469727,27.850000381469727,124250
2016-02-22,29.299999237060547,30.799999237060547,28.850000381469727,29.100000381469727,29.100000381469727,396579
2016-02-23,28.850000381469727,29.200000762939453,27.899999618530273,28.200000762939453,28.200000762939453,68004
2016-02-24,27.899999618530273,28.25,27.149999618530273,27.5,27.5,37656
2016-02-25,27.600000381469727,28.200000762939453,27.0,27.100000381469727,27.100000381469727,20476
2016-02-26,27.850000381469727,27.850000381469727,26.649999618530273,26.950000762939453,26.950000762939453,44751
2016-02-29,27.450000762939453,28.5,26.100000381469727,26.350000381469727,26.350000381469727,94054
2016-03-01,27.399999618530273,27.899999618530273,26.700000762939453,27.450000762939453,27.450000762939453,46189
2016-03-02,28.0,28.399999618530273,27.600000381469727,28.100000381469727,28.100000381469727,59116
2016-03-03,28.0,29.299999237060547,27.950000762939453,29.049999237060547,29.049999237060547,85940
2016-03-04,28.799999237060547,29.5,28.100000381469727,28.850000381469727,28.850000381469727,44701
2016-03-08,29.200000762939453,29.899999618530273,28.399999618530273,29.5,29.5,173398
2016-03-09,29.100000381469727,29.450000762939453,28.850000381469727,29.049999237060547,29.049999237060547,48780
2016-03-10,29.549999237060547,29.799999237060547,28.700000762939453,29.0,29.0,37492
2016-03-11,28.799999237060547,29.350000381469727,28.799999237060547,29.049999237060547,29.049999237060547,20473
2016-03-14,29.549999237060547,29.549999237060547,28.25,28.549999237060547,28.549999237060547,32188
2016-03-15,28.549999237060547,28.799999237060547,28.149999618530273,28.25,28.25,33239
2016-03-16,28.100000381469727,28.25,27.149999618530273,27.549999237060547,27.549999237060547,31386
2016-03-17,27.549999237060547,28.200000762939453,27.25,27.450000762939453,27.450000762939453,15617
2016-03-18,28.0,28.0,27.100000381469727,27.350000381469727,27.350000381469727,85635
2016-03-21,27.399999618530273,28.299999237060547,27.399999618530273,27.75,27.75,49580
2016-03-22,27.799999237060547,27.850000381469727,27.299999237060547,27.5,27.5,43169
2016-03-23,27.399999618530273,27.700000762939453,27.0,27.350000381469727,27.350000381469727,22389
2016-03-28,28.25,28.25,25.399999618530273,25.75,25.75,67787
2016-03-29,25.899999618530273,26.0,24.600000381469727,24.950000762939453,24.950000762939453,74338
2016-03-30,25.299999237060547,26.600000381469727,24.850000381469727,26.149999618530273,26.149999618530273,48793
2016-03-31,26.350000381469727,26.350000381469727,25.200000762939453,26.0,26.0,75760
2016-04-01,26.0,27.299999237060547,25.799999237060547,27.049999237060547,27.049999237060547,54205
2016-04-04,27.5,28.450000762939453,27.0,27.899999618530273,27.899999618530273,41562
2016-04-05,28.0,28.0,27.149999618530273,27.350000381469727,27.350000381469727,36694
2016-04-06,27.399999618530273,28.0,26.5,27.700000762939453,27.700000762939453,37265
2016-04-07,27.5,28.399999618530273,27.0,27.649999618530273,27.649999618530273,42721
2016-04-08,27.399999618530273,28.5,27.0,27.799999237060547,27.799999237060547,21422
2016-04-11,27.799999237060547,27.899999618530273,27.149999618530273,27.549999237060547,27.549999237060547,21789
2016-04-12,27.399999618530273,27.799999237060547,27.100000381469727,27.549999237060547,27.549999237060547,19059
2016-04-13,28.399999618530273,29.299999237060547,27.75,28.600000381469727,28.600000381469727,92219
2016-04-18,29.25,29.25,27.299999237060547,28.299999237060547,28.299999237060547,27147
2016-04-20,28.149999618530273,29.25,28.149999618530273,28.950000762939453,28.950000762939453,50215
2016-04-21,28.950000762939453,29.399999618530273,28.299999237060547,28.450000762939453,28.450000762939453,35435
2016-04-22,28.799999237060547,33.599998474121094,28.0,32.0,32.0,456213
2016-04-25,31.75,31.799999237060547,29.899999618530273,30.399999618530273,30.399999618530273,112909
2016-04-26,30.0,30.600000381469727,29.549999237060547,30.149999618530273,30.149999618530273,34680
2016-04-27,30.5,30.75,29.700000762939453,29.75,29.75,60699
2016-04-28,29.700000762939453,31.399999618530273,29.700000762939453,29.850000381469727,29.850000381469727,73924
2016-04-29,30.399999618530273,30.399999618530273,28.700000762939453,29.350000381469727,29.350000381469727,62001
2016-05-02,29.600000381469727,29.700000762939453,29.049999237060547,29.5,29.5,33960
2016-05-03,29.0,30.549999237060547,29.0,29.149999618530273,29.149999618530273,37708
2016-05-04,29.0,29.75,28.0,28.299999237060547,28.299999237060547,24970
2016-05-05,28.25,29.700000762939453,27.649999618530273,27.899999618530273,27.899999618530273,55915
2016-05-06,28.0,28.299999237060547,26.799999237060547,27.0,27.0,113320
2016-05-09,27.600000381469727,28.600000381469727,27.350000381469727,27.600000381469727,27.600000381469727,103724
2016-05-10,27.600000381469727,28.200000762939453,27.600000381469727,28.100000381469727,28.100000381469727,50870
2016-05-11,27.899999618530273,28.399999618530273,27.399999618530273,28.100000381469727,28.100000381469727,26755
2016-05-12,28.5,28.649999618530273,27.700000762939453,27.899999618530273,27.899999618530273,41406
2016-05-13,28.5,28.5,27.399999618530273,27.5,27.5,22709
2016-05-16,27.200000762939453,27.700000762939453,27.100000381469727,27.5,27.5,29073
2016-05-17,27.75,28.399999618530273,27.299999237060547,27.850000381469727,27.850000381469727,34315
2016-05-18,27.950000762939453,28.299999237060547,27.799999237060547,27.950000762939453,27.950000762939453,20106
2016-05-19,28.0,28.25,27.5,27.700000762939453,27.700000762939453,24621
2016-05-20,27.649999618530273,28.0,26.799999237060547,27.049999237060547,27.049999237060547,78777
2016-05-23,27.049999237060547,27.600000381469727,26.399999618530273,26.75,26.75,22231
2016-05-24,26.5,29.450000762939453,26.350000381469727,29.149999618530273,29.149999618530273,232790
2016-05-25,29.950000762939453,30.0,28.25,29.5,29.5,509301
2016-05-26,29.75,29.75,27.100000381469727,28.25,28.25,166559
2016-05-27,28.950000762939453,29.700000762939453,28.950000762939453,29.25,29.25,417015
2016-05-30,30.0,30.600000381469727,28.299999237060547,29.350000381469727,29.350000381469727,211274
2016-05-31,28.850000381469727,29.649999618530273,28.5,29.0,29.0,99934
2016-06-01,29.25,29.799999237060547,28.5,28.850000381469727,28.850000381469727,83223
2016-06-02,28.700000762939453,29.799999237060547,28.299999237060547,28.600000381469727,28.600000381469727,122088
2016-06-03,28.200000762939453,29.950000762939453,27.899999618530273,29.75,29.75,133970
2016-06-06,29.600000381469727,30.200000762939453,29.549999237060547,29.899999618530273,29.899999618530273,80641
2016-06-07,30.399999618530273,30.5,29.5,29.799999237060547,29.799999237060547,31216
2016-06-08,29.549999237060547,30.100000381469727,28.5,29.549999237060547,29.549999237060547,64087
2016-06-09,30.5,30.700000762939453,29.149999618530273,29.649999618530273,29.649999618530273,122189
2016-06-10,29.850000381469727,30.549999237060547,28.950000762939453,29.25,29.25,71747
2016-06-13,29.299999237060547,29.299999237060547,28.399999618530273,28.75,28.75,38604
2016-06-14,29.0,29.399999618530273,28.700000762939453,28.899999618530273,28.899999618530273,34348
2016-06-15,29.149999618530273,29.399999618530273,28.649999618530273,28.799999237060547,28.799999237060547,53795
2016-06-16,29.149999618530273,29.200000762939453,27.75,28.25,28.25,67383
2016-06-17,27.950000762939453,29.049999237060547,27.600000381469727,27.899999618530273,27.899999618530273,45841
2016-06-20,27.899999618530273,28.75,27.899999618530273,28.350000381469727,28.350000381469727,29018
2016-06-21,28.649999618530273,29.25,28.350000381469727,28.850000381469727,28.850000381469727,53930
2016-06-22,29.0,31.399999618530273,28.75,29.799999237060547,29.799999237060547,237156
2016-06-23,31.200000762939453,35.70000076293945,30.950000762939453,34.45000076293945,34.45000076293945,3610767
2016-06-24,30.950000762939453,34.0,29.75,32.849998474121094,32.849998474121094,1188555
2016-06-27,33.20000076293945,35.70000076293945,32.29999923706055,35.25,35.25,1094284
2016-06-28,36.599998474121094,37.150001525878906,35.20000076293945,35.5,35.5,771907
2016-06-29,35.849998474121094,38.0,35.400001525878906,36.29999923706055,36.29999923706055,383306
2016-06-30,36.5,37.20000076293945,35.20000076293945,35.70000076293945,35.70000076293945,192258
2016-07-01,36.400001525878906,36.45000076293945,33.849998474121094,34.099998474121094,34.099998474121094,198240
2016-07-04,34.5,35.70000076293945,34.0,34.20000076293945,34.20000076293945,134647
2016-07-05,34.04999923706055,35.349998474121094,33.099998474121094,33.79999923706055,33.79999923706055,190392
2016-07-07,34.099998474121094,34.45000076293945,32.29999923706055,33.650001525878906,33.650001525878906,118237
2016-07-08,33.95000076293945,34.5,32.95000076293945,33.29999923706055,33.29999923706055,90788
2016-07-11,33.29999923706055,37.20000076293945,33.04999923706055,36.349998474121094,36.349998474121094,504094
2016-07-12,36.79999923706055,42.400001525878906,35.5,41.54999923706055,41.54999923706055,3579496
2016-07-13,40.79999923706055,41.900001525878906,38.75,40.650001525878906,40.650001525878906,1175898
2016-07-14,40.650001525878906,40.70000076293945,39.0,39.45000076293945,39.45000076293945,317137
2016-07-15,39.099998474121094,40.400001525878906,38.79999923706055,39.20000076293945,39.20000076293945,204135
2016-07-18,39.70000076293945,40.900001525878906,39.0,39.599998474121094,39.599998474121094,414786
2016-07-19,40.0,40.0,38.45000076293945,38.849998474121094,38.849998474121094,133348
2016-07-20,38.70000076293945,39.849998474121094,38.400001525878906,38.650001525878906,38.650001525878906,191919
2016-07-21,38.95000076293945,39.0,36.650001525878906,37.599998474121094,37.599998474121094,173928
2016-07-22,38.0,38.400001525878906,37.04999923706055,38.099998474121094,38.099998474121094,163175
2016-07-25,38.70000076293945,40.70000076293945,37.650001525878906,38.70000076293945,38.70000076293945,290982
2016-07-26,39.599998474121094,39.79999923706055,38.5,38.650001525878906,38.650001525878906,129578
2016-07-27,38.5,40.400001525878906,38.29999923706055,38.900001525878906,38.900001525878906,96378
2016-07-28,39.0,39.849998474121094,38.45000076293945,38.54999923706055,38.54999923706055,48707
2016-07-29,39.0,39.25,38.0,38.150001525878906,38.150001525878906,85256
2016-08-01,39.0,39.599998474121094,38.150001525878906,38.400001525878906,38.400001525878906,88862
2016-08-02,40.0,40.349998474121094,38.70000076293945,39.20000076293945,39.20000076293945,380019
2016-08-03,39.400001525878906,39.400001525878906,37.400001525878906,37.650001525878906,37.650001525878906,137913
2016-08-04,38.20000076293945,38.599998474121094,36.54999923706055,36.75,36.75,87215
2016-08-05,37.5,38.5,36.45000076293945,37.849998474121094,37.849998474121094,172041
2016-08-08,38.099998474121094,38.900001525878906,37.400001525878906,38.29999923706055,38.29999923706055,114495
2016-08-09,38.400001525878906,38.45000076293945,37.650001525878906,38.04999923706055,38.04999923706055,48372
2016-08-10,38.349998474121094,38.650001525878906,37.04999923706055,37.29999923706055,37.29999923706055,105839
2016-08-11,37.849998474121094,39.79999923706055,37.5,38.099998474121094,38.099998474121094,350041
2016-08-12,38.70000076293945,39.54999923706055,37.0,38.150001525878906,38.150001525878906,196575
2016-08-16,38.0,38.25,37.0,37.150001525878906,37.150001525878906,62851
2016-08-17,38.20000076293945,38.20000076293945,37.150001525878906,37.45000076293945,37.45000076293945,43636
2016-08-18,37.900001525878906,38.20000076293945,36.79999923706055,37.099998474121094,37.099998474121094,75286
2016-08-19,37.849998474121094,37.849998474121094,36.849998474121094,36.900001525878906,36.900001525878906,63177
2016-08-22,36.79999923706055,39.5,36.79999923706055,38.349998474121094,38.349998474121094,261183
2016-08-23,38.95000076293945,39.849998474121094,38.54999923706055,39.150001525878906,39.150001525878906,176907
2016-08-24,39.400001525878906,39.75,38.70000076293945,39.04999923706055,39.04999923706055,118584
2016-08-25,39.650001525878906,41.400001525878906,38.599998474121094,40.70000076293945,40.70000076293945,535823
2016-08-26,41.25,48.79999923706055,41.04999923706055,48.79999923706055,48.79999923706055,4330506
2016-08-29,49.70000076293945,55.45000076293945,48.099998474121094,52.650001525878906,52.650001525878906,4408580
2016-08-30,52.79999923706055,56.70000076293945,52.0,54.349998474121094,54.349998474121094,2665292
2016-08-31,54.75,55.29999923706055,49.29999923706055,50.0,50.0,848318
2016-09-01,50.599998474121094,51.900001525878906,48.5,49.150001525878906,49.150001525878906,570509
2016-09-02,49.400001525878906,52.70000076293945,49.29999923706055,51.29999923706055,51.29999923706055,768082
2016-09-06,52.349998474121094,54.0,51.5,51.900001525878906,51.900001525878906,325574
2016-09-07,52.70000076293945,53.150001525878906,49.900001525878906,52.150001525878906,52.150001525878906,734220
2016-09-08,53.150001525878906,54.75,52.79999923706055,53.599998474121094,53.599998474121094,860062
2016-09-09,53.900001525878906,53.900001525878906,52.0,52.900001525878906,52.900001525878906,244043
2016-09-12,51.20000076293945,52.20000076293945,49.400001525878906,50.29999923706055,50.29999923706055,312920
2016-09-14,50.95000076293945,52.0,49.900001525878906,51.5,51.5,281831
2016-09-15,53.25,61.79999923706055,53.25,61.79999923706055,61.79999923706055,5105993
2016-09-16,63.95000076293945,68.0,60.45000076293945,61.150001525878906,61.150001525878906,4540100
2016-09-19,61.75,65.0,61.150001525878906,62.79999923706055,62.79999923706055,1364281
2016-09-20,63.20000076293945,64.8499984741211,62.599998474121094,63.150001525878906,63.150001525878906,701884
2016-09-21,63.70000076293945,74.3499984741211,63.5,71.5,71.5,4914484
2016-09-22,72.5999984741211,80.19999694824219,72.3499984741211,76.9000015258789,76.9000015258789,5043951
2016-09-23,77.3499984741211,79.6500015258789,73.0,75.94999694824219,75.94999694824219,2186368
2016-09-26,75.8499984741211,91.0999984741211,74.0,91.0999984741211,91.0999984741211,8200436
2016-09-27,93.4000015258789,100.19999694824219,92.5999984741211,96.8499984741211,96.8499984741211,8711692
2016-09-28,96.4000015258789,98.0,94.0,95.3499984741211,95.3499984741211,2942873
2016-09-29,95.6500015258789,96.30000305175781,85.8499984741211,85.8499984741211,85.8499984741211,1413164
2016-09-30,80.0999984741211,85.8499984741211,78.25,83.05000305175781,83.05000305175781,2565483
2016-10-03,85.4000015258789,89.9000015258789,85.0,87.69999694824219,87.69999694824219,2074388
2016-10-04,88.19999694824219,94.4000015258789,86.1500015258789,92.75,92.75,2835463
2016-10-05,93.30000305175781,97.30000305175781,92.9000015258789,94.5,94.5,2056076
2016-10-06,96.9000015258789,98.0,92.5999984741211,94.0999984741211,94.0999984741211,1460454
2016-10-07,93.0999984741211,94.75,89.30000305175781,90.55000305175781,90.55000305175781,669756
2016-10-10,90.0,94.30000305175781,90.0,91.3499984741211,91.3499984741211,647598
2016-10-13,91.0,91.0,84.0,86.0,86.0,669079
2016-10-14,86.0,90.5999984741211,85.05000305175781,88.55000305175781,88.55000305175781,966953
2016-10-17,89.0,93.19999694824219,88.0999984741211,90.94999694824219,90.94999694824219,1141662
2016-10-18,91.4000015258789,93.5,90.25,92.05000305175781,92.05000305175781,797253
2016-10-19,93.4000015258789,96.0,92.5,93.0999984741211,93.0999984741211,1281457
2016-10-20,93.0999984741211,93.94999694824219,90.25,90.69999694824219,90.69999694824219,344992
2016-10-21,91.0,92.4000015258789,88.0999984741211,88.5,88.5,588248
2016-10-24,89.0999984741211,91.75,88.19999694824219,88.9000015258789,88.9000015258789,579332
2016-10-25,89.19999694824219,92.5,88.19999694824219,90.44999694824219,90.44999694824219,787778
2016-10-26,90.44999694824219,91.25,86.69999694824219,87.8499984741211,87.8499984741211,395277
2016-10-27,89.0,89.9000015258789,85.5999984741211,86.4000015258789,86.4000015258789,360681
2016-10-28,86.5,87.5,77.80000305175781,77.80000305175781,77.80000305175781,634398
2016-11-01,71.0,79.30000305175781,70.19999694824219,79.30000305175781,79.30000305175781,1069822
2016-11-02,81.80000305175781,84.19999694824219,79.05000305175781,79.8499984741211,79.8499984741211,1347772
2016-11-03,80.0999984741211,83.4000015258789,77.0999984741211,77.75,77.75,526552
2016-11-04,79.0999984741211,82.3499984741211,74.5999984741211,75.55000305175781,75.55000305175781,960507
2016-11-07,78.0,79.4000015258789,74.55000305175781,75.3499984741211,75.3499984741211,404070
2016-11-08,76.0,77.30000305175781,72.80000305175781,73.55000305175781,73.55000305175781,308491
2016-11-09,60.5,73.80000305175781,58.849998474121094,71.30000305175781,71.30000305175781,954340
2016-11-10,72.9000015258789,77.6500015258789,72.0,72.80000305175781,72.80000305175781,388254
2016-11-11,71.5,71.5,67.5,68.25,68.25,292040
2016-11-15,68.8499984741211,69.05000305175781,59.20000076293945,60.29999923706055,60.29999923706055,387671
2016-11-16,62.5,65.55000305175781,59.5,60.20000076293945,60.20000076293945,333367
2016-11-17,59.650001525878906,61.599998474121094,52.20000076293945,55.150001525878906,55.150001525878906,748588
2016-11-18,55.25,59.400001525878906,55.20000076293945,56.79999923706055,56.79999923706055,488847
2016-11-21,57.400001525878906,57.650001525878906,52.20000076293945,52.650001525878906,52.650001525878906,280492
2016-11-22,53.54999923706055,55.29999923706055,48.20000076293945,54.5,54.5,518097
2016-11-23,55.0,63.599998474121094,53.400001525878906,61.400001525878906,61.400001525878906,1393638
2016-11-24,61.0,70.9000015258789,59.0,68.5,68.5,2045013
2016-11-25,68.5,74.0,68.1500015258789,70.4000015258789,70.4000015258789,1259563
2016-11-28,70.19999694824219,73.5999984741211,69.4000015258789,70.55000305175781,70.55000305175781,597736
2016-11-29,71.19999694824219,75.25,70.9000015258789,72.19999694824219,72.19999694824219,1099803
2016-11-30,73.0,74.44999694824219,70.80000305175781,71.6500015258789,71.6500015258789,436468
2016-12-01,72.0,73.9000015258789,69.5,70.75,70.75,423617
2016-12-02,68.80000305175781,70.80000305175781,66.0,66.69999694824219,66.69999694824219,291666
2016-12-05,67.3499984741211,71.0,66.5999984741211,69.9000015258789,69.9000015258789,501591
2016-12-06,70.0,72.5999984741211,70.0,72.05000305175781,72.05000305175781,502152
2016-12-07,75.3499984741211,76.9000015258789,72.5,73.4000015258789,73.4000015258789,1427387
2016-12-08,73.5999984741211,75.80000305175781,73.5999984741211,74.0,74.0,472979
2016-12-09,74.19999694824219,75.69999694824219,72.05000305175781,72.8499984741211,72.8499984741211,391216
2016-12-12,72.6500015258789,73.1500015258789,69.5,70.05000305175781,70.05000305175781,291210
2016-12-13,69.3499984741211,72.4000015258789,69.0999984741211,70.94999694824219,70.94999694824219,350003
2016-12-14,71.0,71.75,68.5,68.75,68.75,243869
2016-12-15,66.75,70.9000015258789,66.75,67.80000305175781,67.80000305175781,339734
2016-12-16,68.0999984741211,69.80000305175781,67.0,67.30000305175781,67.30000305175781,330733
2016-12-19,66.5,68.5999984741211,66.25,66.5999984741211,66.5999984741211,184999
2016-12-20,71.4000015258789,72.5,68.0999984741211,68.55000305175781,68.55000305175781,1130492
2016-12-21,68.80000305175781,69.55000305175781,66.9000015258789,67.9000015258789,67.9000015258789,303371
2016-12-22,67.69999694824219,68.0,65.25,65.69999694824219,65.69999694824219,194731
2016-12-23,65.0,66.05000305175781,61.29999923706055,62.29999923706055,62.29999923706055,566998
2016-12-26,62.0,62.150001525878906,59.25,59.70000076293945,59.70000076293945,227515
2016-12-27,59.099998474121094,61.79999923706055,58.099998474121094,61.25,61.25,349447
2016-12-28,61.75,64.1500015258789,60.849998474121094,61.04999923706055,61.04999923706055,656638
2016-12-29,61.650001525878906,65.0,60.900001525878906,62.849998474121094,62.849998474121094,569338
2016-12-30,63.75,64.5,62.599998474121094,62.95000076293945,62.95000076293945,164903
2017-01-02,63.45000076293945,64.0999984741211,62.599998474121094,63.75,63.75,178358
2017-01-03,64.30000305175781,68.75,63.900001525878906,67.9000015258789,67.9000015258789,999877
2017-01-04,68.44999694824219,70.3499984741211,67.5,68.6500015258789,68.6500015258789,776084
2017-01-05,69.0,70.44999694824219,68.6500015258789,69.19999694824219,69.19999694824219,416451
2017-01-06,69.75,69.80000305175781,66.55000305175781,67.1500015258789,67.1500015258789,224548
2017-01-09,67.5,68.0,66.0999984741211,66.69999694824219,66.69999694824219,218812
2017-01-10,67.1500015258789,69.69999694824219,67.0999984741211,67.80000305175781,67.80000305175781,335469
2017-01-11,68.0999984741211,69.5,67.0999984741211,67.5,67.5,272817
2017-01-12,68.4000015258789,73.4000015258789,68.4000015258789,71.0999984741211,71.0999984741211,2095903
2017-01-13,71.75,72.4000015258789,70.25,70.55000305175781,70.55000305175781,457035
2017-01-16,70.3499984741211,70.3499984741211,68.19999694824219,68.5,68.5,193852
2017-01-17,69.0999984741211,73.80000305175781,69.0,73.05000305175781,73.05000305175781,1094145
2017-01-18,73.4000015258789,75.80000305175781,72.1500015258789,72.4000015258789,72.4000015258789,1097114
2017-01-19,71.69999694824219,74.19999694824219,71.69999694824219,72.05000305175781,72.05000305175781,463195
2017-01-20,71.9000015258789,72.6500015258789,67.9000015258789,68.4000015258789,68.4000015258789,244253
2017-01-23,69.0,70.94999694824219,68.75,69.30000305175781,69.30000305175781,203385
2017-01-24,69.9000015258789,71.25,69.25,69.55000305175781,69.55000305175781,214159
2017-01-25,70.0,71.69999694824219,69.5,70.55000305175781,70.55000305175781,345074
2017-01-27,70.94999694824219,71.3499984741211,68.5,69.3499984741211,69.3499984741211,236842
2017-01-30,69.19999694824219,71.0,68.75,69.19999694824219,69.19999694824219,275604
2017-01-31,69.19999694824219,69.69999694824219,67.75,68.30000305175781,68.30000305175781,203457
2017-02-01,65.0,67.94999694824219,63.95000076293945,67.0,67.0,577436
2017-02-02,67.0,68.3499984741211,66.0,66.19999694824219,66.19999694824219,186566
2017-02-03,66.0,67.80000305175781,65.0,65.9000015258789,65.9000015258789,205647
2017-02-06,66.4000015258789,68.44999694824219,65.44999694824219,67.75,67.75,350652
2017-02-07,67.30000305175781,68.75,66.5,67.05000305175781,67.05000305175781,371745
2017-02-08,67.4000015258789,67.69999694824219,65.6500015258789,66.0999984741211,66.0999984741211,159056
2017-02-09,66.44999694824219,66.94999694824219,64.5,65.30000305175781,65.30000305175781,154266
2017-02-10,65.5,67.30000305175781,64.80000305175781,65.19999694824219,65.19999694824219,231510
2017-02-13,65.80000305175781,65.94999694824219,63.5,63.849998474121094,63.849998474121094,130846
2017-02-14,63.599998474121094,64.69999694824219,61.150001525878906,61.70000076293945,61.70000076293945,207509
2017-02-15,62.20000076293945,62.349998474121094,57.0,59.25,59.25,231605
2017-02-16,59.400001525878906,61.79999923706055,59.400001525878906,61.150001525878906,61.150001525878906,249652
2017-02-17,61.70000076293945,63.45000076293945,61.54999923706055,62.599998474121094,62.599998474121094,195860
2017-02-20,63.29999923706055,66.0,62.900001525878906,64.30000305175781,64.30000305175781,228644
2017-02-21,64.80000305175781,64.9000015258789,63.20000076293945,63.75,63.75,252266
2017-02-22,64.19999694824219,64.19999694824219,62.25,62.599998474121094,62.599998474121094,189986
2017-02-23,62.70000076293945,64.6500015258789,62.150001525878906,62.650001525878906,62.650001525878906,272712
2017-02-27,63.70000076293945,64.69999694824219,62.849998474121094,63.29999923706055,63.29999923706055,354614
2017-02-28,63.599998474121094,64.69999694824219,63.0,63.29999923706055,63.29999923706055,265845
2017-03-01,63.70000076293945,65.94999694824219,63.25,64.94999694824219,64.94999694824219,464305
2017-03-02,65.4000015258789,67.94999694824219,64.0999984741211,64.5999984741211,64.5999984741211,743773
2017-03-03,64.30000305175781,65.4000015258789,63.54999923706055,64.3499984741211,64.3499984741211,239717
2017-03-06,64.4000015258789,66.80000305175781,64.1500015258789,65.3499984741211,65.3499984741211,464014
2017-03-07,65.5999984741211,65.5999984741211,63.25,63.54999923706055,63.54999923706055,224697
2017-03-08,63.849998474121094,63.95000076293945,62.099998474121094,62.29999923706055,62.29999923706055,265500
2017-03-09,62.349998474121094,62.79999923706055,60.849998474121094,61.20000076293945,61.20000076293945,218583
2017-03-10,61.45000076293945,62.25,60.5,60.900001525878906,60.900001525878906,239948
2017-03-14,62.79999923706055,62.79999923706055,61.0,61.25,61.25,223414
2017-03-15,61.400001525878906,62.349998474121094,60.54999923706055,60.900001525878906,60.900001525878906,280499
2017-03-16,61.54999923706055,64.0,61.099998474121094,63.599998474121094,63.599998474121094,543261
2017-03-17,64.0,65.9000015258789,62.400001525878906,64.30000305175781,64.30000305175781,591113
2017-03-20,64.5,66.69999694824219,64.1500015258789,65.44999694824219,65.44999694824219,450075
2017-03-21,65.5,66.4000015258789,63.349998474121094,64.25,64.25,319535
2017-03-22,63.599998474121094,64.94999694824219,62.54999923706055,63.79999923706055,63.79999923706055,491850
2017-03-23,64.3499984741211,65.30000305175781,62.349998474121094,63.95000076293945,63.95000076293945,261205
2017-03-24,64.0,65.4000015258789,63.349998474121094,63.650001525878906,63.650001525878906,242661
2017-03-27,65.0999984741211,74.4000015258789,65.0999984741211,73.3499984741211,73.3499984741211,4641350
2017-03-28,73.9000015258789,77.4000015258789,73.55000305175781,74.5999984741211,74.5999984741211,1636170
2017-03-29,74.55000305175781,74.5999984741211,70.19999694824219,70.75,70.75,661910
2017-03-30,71.30000305175781,76.4000015258789,70.75,73.75,73.75,1138677
2017-03-31,73.94999694824219,75.25,72.69999694824219,73.4000015258789,73.4000015258789,498893
2017-04-03,72.30000305175781,75.44999694824219,72.30000305175781,73.75,73.75,413347
2017-04-05,74.0999984741211,75.4000015258789,73.0,73.80000305175781,73.80000305175781,475032
2017-04-06,74.0999984741211,80.44999694824219,74.0999984741211,79.55000305175781,79.55000305175781,2274111
2017-04-07,83.0,89.30000305175781,82.75,84.55000305175781,84.55000305175781,4945935
2017-04-10,84.44999694824219,85.44999694824219,82.30000305175781,83.0,83.0,705113
2017-04-11,83.05000305175781,85.4000015258789,82.0,82.6500015258789,82.6500015258789,545595
2017-04-12,83.1500015258789,83.44999694824219,79.0,81.3499984741211,81.3499984741211,572867
2017-04-13,81.05000305175781,84.9000015258789,80.94999694824219,81.3499984741211,81.3499984741211,703696
2017-04-17,81.75,82.0999984741211,79.5,79.94999694824219,79.94999694824219,378816
2017-04-18,80.19999694824219,82.69999694824219,77.0,77.25,77.25,448261
2017-04-19,77.30000305175781,79.19999694824219,77.1500015258789,77.5999984741211,77.5999984741211,334835
2017-04-20,77.5,79.44999694824219,77.5,78.0999984741211,78.0999984741211,228402
2017-04-21,78.6500015258789,81.0,76.9000015258789,77.44999694824219,77.44999694824219,435760
2017-04-24,77.9000015258789,79.69999694824219,77.30000305175781,77.5999984741211,77.5999984741211,460948
2017-04-25,78.0,80.75,77.75,79.0,79.0,863781
2017-04-26,79.5,80.75,75.5999984741211,76.8499984741211,76.8499984741211,456253
2017-04-27,77.30000305175781,77.5999984741211,75.0999984741211,75.30000305175781,75.30000305175781,288904
2017-04-28,75.80000305175781,75.94999694824219,73.80000305175781,74.0,74.0,294837
2017-05-02,74.5999984741211,74.5999984741211,72.0999984741211,72.44999694824219,72.44999694824219,247913
2017-05-03,72.44999694824219,77.0,72.44999694824219,76.0999984741211,76.0999984741211,822274
2017-05-04,78.19999694824219,82.5,77.69999694824219,81.30000305175781,81.30000305175781,2158915
2017-05-05,81.80000305175781,82.44999694824219,78.19999694824219,78.80000305175781,78.80000305175781,647295
2017-05-08,79.19999694824219,80.9000015258789,78.55000305175781,79.0999984741211,79.0999984741211,340938
2017-05-09,79.69999694824219,81.3499984741211,78.5,79.5999984741211,79.5999984741211,429133
2017-05-10,80.1500015258789,81.5,79.44999694824219,79.6500015258789,79.6500015258789,364927
2017-05-11,80.05000305175781,80.19999694824219,76.5999984741211,77.80000305175781,77.80000305175781,217951
2017-05-12,78.19999694824219,78.5,75.80000305175781,76.25,76.25,279258
2017-05-15,76.44999694824219,76.8499984741211,66.0999984741211,72.94999694824219,72.94999694824219,528998
2017-05-16,73.30000305175781,75.4000015258789,73.30000305175781,74.44999694824219,74.44999694824219,233817
2017-05-17,74.69999694824219,84.44999694824219,73.05000305175781,82.75,82.75,3320066
2017-05-18,81.44999694824219,85.0999984741211,77.4000015258789,78.75,78.75,1728426
2017-05-19,79.4000015258789,81.44999694824219,76.0999984741211,76.94999694824219,76.94999694824219,609659
2017-05-22,77.4000015258789,80.19999694824219,70.30000305175781,71.80000305175781,71.80000305175781,811077
2017-05-23,72.4000015258789,73.44999694824219,68.3499984741211,70.69999694824219,70.69999694824219,447694
2017-05-24,71.6500015258789,73.19999694824219,68.1500015258789,69.0999984741211,69.0999984741211,411498
2017-05-25,69.19999694824219,71.44999694824219,68.25,70.8499984741211,70.8499984741211,300181
2017-05-26,71.44999694824219,75.3499984741211,71.0999984741211,73.9000015258789,73.9000015258789,617776
2017-05-29,74.0,74.0,70.5,71.0,71.0,241903
2017-05-30,71.0,71.4000015258789,68.5,70.0,70.0,216055
2017-05-31,70.80000305175781,72.8499984741211,70.0,71.19999694824219,71.19999694824219,317562
2017-06-01,71.4000015258789,71.80000305175781,68.19999694824219,69.69999694824219,69.69999694824219,624493
2017-06-02,72.5,75.8499984741211,72.5,73.44999694824219,73.44999694824219,1110265
2017-06-05,73.5,76.69999694824219,71.30000305175781,76.05000305175781,76.05000305175781,656334
2017-06-06,76.55000305175781,76.55000305175781,72.5999984741211,75.0,75.0,362821
2017-06-07,76.0999984741211,77.5,75.25,76.80000305175781,76.80000305175781,425162
2017-06-08,77.1500015258789,77.19999694824219,74.5999984741211,76.0,76.0,261302
2017-06-09,75.75,76.80000305175781,74.8499984741211,75.4000015258789,75.4000015258789,279602
2017-06-12,75.0,75.69999694824219,73.0,73.4000015258789,73.4000015258789,192949
2017-06-13,73.9000015258789,75.1500015258789,72.75,73.19999694824219,73.19999694824219,194129
2017-06-14,73.4000015258789,73.94999694824219,72.1500015258789,72.75,72.75,141184
2017-06-15,72.0999984741211,73.69999694824219,70.5,70.94999694824219,70.94999694824219,251221
2017-06-16,71.0,72.80000305175781,71.0,71.9000015258789,71.9000015258789,250396
2017-06-19,73.55000305175781,76.19999694824219,73.0,75.19999694824219,75.19999694824219,780050
2017-06-20,75.0,75.25,72.30000305175781,72.75,72.75,230248
2017-06-21,72.05000305175781,74.9000015258789,71.5999984741211,73.30000305175781,73.30000305175781,278151
2017-06-22,73.0999984741211,74.30000305175781,70.44999694824219,70.94999694824219,70.94999694824219,295361
2017-06-23,71.0999984741211,71.5999984741211,67.9000015258789,68.4000015258789,68.4000015258789,412524
2017-06-27,68.55000305175781,69.3499984741211,66.5,66.8499984741211,66.8499984741211,224360
2017-06-28,66.75,67.30000305175781,65.0,65.5999984741211,65.5999984741211,290619
2017-06-29,66.0,69.3499984741211,66.0,67.9000015258789,67.9000015258789,287348
2017-06-30,67.30000305175781,67.69999694824219,66.25,66.9000015258789,66.9000015258789,173350
2017-07-03,67.0,73.8499984741211,66.9000015258789,72.6500015258789,72.6500015258789,698255
2017-07-04,74.0,74.5999984741211,70.1500015258789,71.1500015258789,71.1500015258789,805978
2017-07-05,71.3499984741211,73.0999984741211,71.0,71.9000015258789,71.9000015258789,243304
2017-07-06,72.1500015258789,73.25,70.80000305175781,71.25,71.25,278095
2017-07-07,71.0,72.9000015258789,70.30000305175781,70.94999694824219,70.94999694824219,218247
2017-07-10,71.44999694824219,71.6500015258789,70.75,71.19999694824219,71.19999694824219,21306
2017-07-11,73.19999694824219,73.9000015258789,70.19999694824219,70.80000305175781,70.80000305175781,378085
2017-07-12,71.30000305175781,73.3499984741211,70.3499984741211,71.3499984741211,71.3499984741211,326025
2017-07-13,72.0,73.19999694824219,70.5,71.25,71.25,237262
2017-07-14,71.8499984741211,71.8499984741211,69.0,69.25,69.25,207970
2017-07-17,69.69999694824219,72.75,69.05000305175781,70.80000305175781,70.80000305175781,592967
2017-07-18,70.19999694824219,70.94999694824219,69.30000305175781,69.55000305175781,69.55000305175781,136214
2017-07-19,70.05000305175781,72.19999694824219,69.94999694824219,70.19999694824219,70.19999694824219,242091
2017-07-20,71.4000015258789,72.9000015258789,70.19999694824219,70.9000015258789,70.9000015258789,392999
2017-07-21,71.44999694824219,71.5,69.0,69.44999694824219,69.44999694824219,277868
2017-07-24,69.69999694824219,71.0999984741211,68.6500015258789,69.19999694824219,69.19999694824219,170123
2017-07-25,69.75,70.5,68.5,69.1500015258789,69.1500015258789,279254
2017-07-26,69.1500015258789,70.5,68.5999984741211,68.8499984741211,68.8499984741211,152035
2017-07-27,69.19999694824219,69.75,66.05000305175781,66.4000015258789,66.4000015258789,255078
2017-07-28,65.69999694824219,67.4000015258789,65.5,66.75,66.75,131397
2017-07-31,67.4000015258789,68.55000305175781,66.8499984741211,67.1500015258789,67.1500015258789,170724
2017-08-01,67.4000015258789,67.5,65.1500015258789,65.44999694824219,65.44999694824219,107292
2017-08-02,66.0999984741211,69.0999984741211,66.0999984741211,67.5,67.5,703243
2017-08-03,67.8499984741211,68.55000305175781,66.4000015258789,66.69999694824219,66.69999694824219,143735
2017-08-04,66.80000305175781,67.05000305175781,65.5,65.9000015258789,65.9000015258789,95198
2017-08-07,65.5,66.80000305175781,65.5,65.75,65.75,84326
2017-08-08,66.0,66.44999694824219,63.25,63.79999923706055,63.79999923706055,162408
2017-08-09,63.5,63.5,60.349998474121094,60.70000076293945,60.70000076293945,199434
2017-08-10,60.54999923706055,60.54999923706055,55.599998474121094,57.099998474121094,57.099998474121094,214220
2017-08-11,57.5,57.5,53.599998474121094,55.400001525878906,55.400001525878906,150885
2017-08-14,56.0,58.349998474121094,55.79999923706055,56.900001525878906,56.900001525878906,128014
2017-08-16,57.599998474121094,60.29999923706055,57.04999923706055,59.599998474121094,59.599998474121094,167830
2017-08-17,62.5,63.5,61.5,62.150001525878906,62.150001525878906,301475
2017-08-18,62.0,62.0,59.95000076293945,60.45000076293945,60.45000076293945,125119
2017-08-21,61.0,61.599998474121094,57.849998474121094,58.349998474121094,58.349998474121094,90422
2017-08-22,60.099998474121094,62.0,58.849998474121094,59.79999923706055,59.79999923706055,320439
2017-08-23,60.29999923706055,62.900001525878906,59.75,62.099998474121094,62.099998474121094,135416
2017-08-24,62.5,62.900001525878906,60.75,61.29999923706055,61.29999923706055,101366
2017-08-28,61.45000076293945,66.5,61.45000076293945,64.44999694824219,64.44999694824219,738843
2017-08-29,64.9000015258789,66.0,63.599998474121094,64.4000015258789,64.4000015258789,408139
2017-08-30,64.9000015258789,65.9000015258789,64.0999984741211,64.3499984741211,64.3499984741211,162626
2017-08-31,64.55000305175781,67.5,64.4000015258789,66.94999694824219,66.94999694824219,477144
2017-09-01,67.44999694824219,67.8499984741211,66.0,66.6500015258789,66.6500015258789,207197
2017-09-04,66.4000015258789,66.5,64.0999984741211,64.30000305175781,64.30000305175781,115259
2017-09-05,64.5999984741211,65.75,62.29999923706055,63.29999923706055,63.29999923706055,128235
2017-09-06,64.4000015258789,69.4000015258789,64.4000015258789,68.25,68.25,846258
2017-09-07,68.19999694824219,69.30000305175781,66.80000305175781,67.0,67.0,270643
2017-09-08,67.05000305175781,71.0,66.5,67.6500015258789,67.6500015258789,475089
2017-09-11,70.0,76.0,69.1500015258789,73.44999694824219,73.44999694824219,2916134
2017-09-12,73.8499984741211,73.8499984741211,71.05000305175781,71.44999694824219,71.44999694824219,466808
2017-09-13,71.69999694824219,72.5,69.4000015258789,69.80000305175781,69.80000305175781,311763
2017-09-14,71.9000015258789,74.69999694824219,70.55000305175781,73.80000305175781,73.80000305175781,919250
2017-09-15,72.05000305175781,75.4000015258789,71.9000015258789,72.4000015258789,72.4000015258789,568247
2017-09-18,72.8499984741211,76.4000015258789,70.94999694824219,71.8499984741211,71.8499984741211,781688
2017-09-19,73.69999694824219,77.3499984741211,72.4000015258789,73.0999984741211,73.0999984741211,1182924
2017-09-20,74.0,74.80000305175781,71.80000305175781,72.30000305175781,72.30000305175781,286030
2017-09-21,73.0999984741211,73.6500015258789,70.80000305175781,71.8499984741211,71.8499984741211,306103
2017-09-22,71.5,71.69999694824219,66.5999984741211,67.44999694824219,67.44999694824219,309502
2017-09-25,67.5999984741211,67.8499984741211,63.5,65.1500015258789,65.1500015258789,226810
2017-09-26,65.55000305175781,66.94999694824219,63.099998474121094,65.4000015258789,65.4000015258789,186357
2017-09-27,65.9000015258789,67.9000015258789,64.19999694824219,64.80000305175781,64.80000305175781,164601
2017-09-28,64.5,66.6500015258789,63.849998474121094,65.94999694824219,65.94999694824219,108586
2017-09-29,66.44999694824219,68.4000015258789,66.0,66.1500015258789,66.1500015258789,280704
2017-10-03,66.75,68.19999694824219,66.25,66.44999694824219,66.44999694824219,249813
2017-10-04,66.80000305175781,67.9000015258789,66.0999984741211,66.5,66.5,131172
2017-10-05,66.55000305175781,72.0999984741211,66.5,68.69999694824219,68.69999694824219,940301
2017-10-06,69.0,75.1500015258789,68.5999984741211,73.19999694824219,73.19999694824219,1041939
2017-10-09,71.94999694824219,72.75,70.4000015258789,72.0,72.0,458830
2017-10-10,72.4000015258789,73.4000015258789,70.8499984741211,71.1500015258789,71.1500015258789,315985
2017-10-11,71.19999694824219,72.5,66.69999694824219,67.8499984741211,67.8499984741211,342661
2017-10-12,68.25,69.30000305175781,67.0999984741211,68.1500015258789,68.1500015258789,206910
2017-10-13,68.30000305175781,70.19999694824219,67.3499984741211,67.9000015258789,67.9000015258789,180684
2017-10-16,68.25,69.4000015258789,66.5,68.0,68.0,166608
2017-10-17,67.9000015258789,70.25,67.19999694824219,68.19999694824219,68.19999694824219,282844
2017-10-18,68.0,69.44999694824219,67.5999984741211,67.9000015258789,67.9000015258789,190130
2017-10-19,67.75,68.0,67.0,67.4000015258789,67.4000015258789,44890
2017-10-23,67.5,67.8499984741211,65.5,65.94999694824219,65.94999694824219,149702
2017-10-24,65.30000305175781,68.0,65.30000305175781,65.69999694824219,65.69999694824219,182254
2017-10-25,66.3499984741211,66.9000015258789,65.0999984741211,65.3499984741211,65.3499984741211,167463
2017-10-26,65.3499984741211,67.05000305175781,65.19999694824219,65.5,65.5,195442
2017-10-27,65.69999694824219,67.55000305175781,65.3499984741211,65.94999694824219,65.94999694824219,203913
2017-10-30,65.55000305175781,67.80000305175781,65.55000305175781,66.6500015258789,66.6500015258789,275248
2017-10-31,66.9000015258789,68.0,65.4000015258789,66.05000305175781,66.05000305175781,267041
2017-11-01,66.30000305175781,69.80000305175781,66.30000305175781,68.0999984741211,68.0999984741211,648104
2017-11-02,69.30000305175781,70.30000305175781,68.30000305175781,69.1500015258789,69.1500015258789,507217
2017-11-03,69.19999694824219,71.25,68.19999694824219,68.75,68.75,404954
2017-11-06,68.4000015258789,69.19999694824219,67.3499984741211,67.69999694824219,67.69999694824219,185940
2017-11-07,68.0,68.30000305175781,65.80000305175781,66.05000305175781,66.05000305175781,124236
2017-11-08,65.5999984741211,66.94999694824219,65.30000305175781,65.5999984741211,65.5999984741211,96365
2017-11-09,66.25,67.25,65.1500015258789,65.3499984741211,65.3499984741211,187971
2017-11-10,65.6500015258789,66.30000305175781,64.55000305175781,64.8499984741211,64.8499984741211,126679
2017-11-13,65.3499984741211,65.3499984741211,63.900001525878906,64.05000305175781,64.05000305175781,81329
2017-11-14,64.0999984741211,64.69999694824219,63.5,63.95000076293945,63.95000076293945,65826
2017-11-15,64.19999694824219,68.19999694824219,63.0,65.3499984741211,65.3499984741211,406098
2017-11-16,67.25,68.0,65.4000015258789,66.6500015258789,66.6500015258789,358811
2017-11-17,67.30000305175781,68.3499984741211,66.0999984741211,66.4000015258789,66.4000015258789,251145
2017-11-20,66.44999694824219,67.80000305175781,66.05000305175781,66.6500015258789,66.6500015258789,99283
2017-11-21,67.0,69.5999984741211,67.0,68.6500015258789,68.6500015258789,445788
2017-11-22,69.19999694824219,69.4000015258789,67.19999694824219,67.5999984741211,67.5999984741211,140165
2017-11-23,68.0,70.9000015258789,66.19999694824219,67.1500015258789,67.1500015258789,573839
2017-11-24,67.19999694824219,68.5999984741211,67.05000305175781,67.3499984741211,67.3499984741211,153856
2017-11-27,67.0999984741211,69.5,67.0999984741211,68.25,68.25,303777
2017-11-28,68.5,81.9000015258789,67.0999984741211,79.9000015258789,79.9000015258789,4158139
2017-11-29,80.69999694824219,84.5,76.9000015258789,78.25,78.25,3196278
2017-11-30,76.94999694824219,84.4000015258789,76.3499984741211,79.6500015258789,79.6500015258789,2677051
2017-12-01,80.8499984741211,83.69999694824219,78.0,78.5,78.5,852610
2017-12-04,79.1500015258789,81.0999984741211,75.25,76.0999984741211,76.0999984741211,434880
2017-12-05,75.4000015258789,77.30000305175781,73.5999984741211,76.1500015258789,76.1500015258789,429412
2017-12-06,76.19999694824219,78.0,74.0,74.80000305175781,74.80000305175781,381692
2017-12-07,75.19999694824219,79.9000015258789,74.94999694824219,78.5999984741211,78.5999984741211,690117
2017-12-08,81.9000015258789,83.80000305175781,80.0,80.4000015258789,80.4000015258789,997195
2017-12-11,81.0,92.5999984741211,78.0999984741211,91.30000305175781,91.30000305175781,5171109
2017-12-12,90.0,108.75,87.0,102.5999984741211,102.5999984741211,17650496
2017-12-13,100.6500015258789,105.5999984741211,93.5,94.75,94.75,5231879
2017-12-14,95.5999984741211,100.75,93.5,97.0,97.0,3254845
2017-12-15,98.3499984741211,104.4000015258789,98.19999694824219,100.80000305175781,100.80000305175781,4626402
2017-12-18,98.0,103.69999694824219,91.80000305175781,102.1500015258789,102.1500015258789,2601326
2017-12-19,103.55000305175781,118.5,103.19999694824219,116.05000305175781,116.05000305175781,11417297
2017-12-20,116.69999694824219,121.9000015258789,113.6500015258789,117.4000015258789,117.4000015258789,5002197
2017-12-21,117.80000305175781,119.8499984741211,114.30000305175781,116.30000305175781,116.30000305175781,1870622
2017-12-22,116.5,117.94999694824219,113.0,114.5999984741211,114.5999984741211,1243146
2017-12-26,115.0,115.75,112.05000305175781,112.69999694824219,112.69999694824219,893538
2017-12-27,112.69999694824219,117.8499984741211,110.80000305175781,112.25,112.25,1509124
2017-12-28,114.6500015258789,115.75,110.80000305175781,112.25,112.25,1285041
2017-12-29,113.0,113.4000015258789,110.0,111.1500015258789,111.1500015258789,690659
2018-01-01,111.55000305175781,113.55000305175781,107.94999694824219,108.8499984741211,108.8499984741211,933006
2018-01-02,109.9000015258789,109.9000015258789,103.0,104.80000305175781,104.80000305175781,642459
2018-01-03,105.4000015258789,114.69999694824219,105.4000015258789,112.19999694824219,112.19999694824219,2332787
2018-01-04,112.9000015258789,113.55000305175781,108.30000305175781,110.6500015258789,110.6500015258789,762851
2018-01-05,111.0,113.5,109.5999984741211,110.19999694824219,110.19999694824219,619883
2018-01-08,112.19999694824219,117.25,110.94999694824219,114.0,114.0,2059811
2018-01-09,114.30000305175781,114.5,110.0,110.6500015258789,110.6500015258789,569520
2018-01-10,110.80000305175781,114.5,109.0999984741211,111.75,111.75,963204
2018-01-11,111.75,113.9000015258789,110.0,110.6500015258789,110.6500015258789,725406
2018-01-12,111.4000015258789,113.69999694824219,108.5,109.3499984741211,109.3499984741211,613063
2018-01-15,110.4000015258789,112.44999694824219,109.1500015258789,109.55000305175781,109.55000305175781,441273
2018-01-16,110.0,111.0,102.30000305175781,102.94999694824219,102.94999694824219,682990
2018-01-17,103.4000015258789,106.0,96.6500015258789,103.75,103.75,652702
2018-01-18,104.80000305175781,105.5,96.05000305175781,97.75,97.75,563106
2018-01-19,98.0,101.19999694824219,95.5999984741211,96.75,96.75,749364
2018-01-22,96.94999694824219,102.75,96.80000305175781,101.4000015258789,101.4000015258789,651760
2018-01-23,102.0,102.5999984741211,98.5,99.3499984741211,99.3499984741211,472416
2018-01-24,99.0,109.4000015258789,96.5,102.0999984741211,102.0999984741211,1534093
2018-01-25,102.5,112.30000305175781,100.0,110.55000305175781,110.55000305175781,2097114
2018-01-29,112.4000015258789,114.5,103.6500015258789,105.5,105.5,1893571
2018-01-30,104.9000015258789,105.80000305175781,101.25,101.69999694824219,101.69999694824219,543217
2018-01-31,101.0999984741211,105.69999694824219,100.55000305175781,101.9000015258789,101.9000015258789,615826
2018-02-01,102.3499984741211,103.9000015258789,97.69999694824219,100.5,100.5,657619
2018-02-02,98.0999984741211,99.3499984741211,85.25,89.0,89.0,927486
2018-02-05,85.0,92.80000305175781,82.44999694824219,89.0,89.0,762817
2018-02-06,80.94999694824219,85.44999694824219,79.55000305175781,83.5,83.5,645624
2018-02-07,86.94999694824219,88.5,85.5999984741211,86.5999984741211,86.5999984741211,394901
2018-02-08,88.5,92.4000015258789,87.8499984741211,90.4000015258789,90.4000015258789,654046
2018-02-09,87.4000015258789,92.5,86.0,91.19999694824219,91.19999694824219,564440
2018-02-12,95.0,105.30000305175781,94.5999984741211,102.80000305175781,102.80000305175781,2522431
2018-02-14,103.75,104.75,99.0,99.5999984741211,99.5999984741211,779522
2018-02-15,100.3499984741211,102.5,96.19999694824219,97.05000305175781,97.05000305175781,488382
2018-02-16,97.80000305175781,99.1500015258789,92.4000015258789,94.05000305175781,94.05000305175781,453140
2018-02-19,95.0,95.19999694824219,88.0999984741211,90.4000015258789,90.4000015258789,483608
2018-02-20,90.9000015258789,93.5,89.5999984741211,92.55000305175781,92.55000305175781,390273
2018-02-21,93.3499984741211,94.80000305175781,92.55000305175781,93.30000305175781,93.30000305175781,234531
2018-02-22,92.25,93.4000015258789,90.5,91.30000305175781,91.30000305175781,278332
2018-02-23,91.5,93.69999694824219,91.5,92.3499984741211,92.3499984741211,312129
2018-02-26,95.0,96.94999694824219,94.19999694824219,95.9000015258789,95.9000015258789,652301
2018-02-27,96.5,97.5,93.30000305175781,94.69999694824219,94.69999694824219,342147
2018-02-28,93.0,93.8499984741211,91.5999984741211,92.3499984741211,92.3499984741211,261022
2018-03-01,92.25,93.69999694824219,90.94999694824219,91.75,91.75,205402
2018-03-05,90.5,90.9000015258789,88.30000305175781,88.8499984741211,88.8499984741211,177855
2018-03-06,89.5999984741211,91.9000015258789,85.0,85.80000305175781,85.80000305175781,349666
2018-03-07,85.75,85.75,81.44999694824219,82.30000305175781,82.30000305175781,317476
2018-03-08,84.25,85.5,80.25,82.94999694824219,82.94999694824219,316184
2018-03-09,83.94999694824219,84.0,81.0,81.5,81.5,215629
2018-03-12,84.6500015258789,85.5,82.4000015258789,83.4000015258789,83.4000015258789,371589
2018-03-13,84.69999694824219,92.30000305175781,84.1500015258789,89.0999984741211,89.0999984741211,1226093
2018-03-14,87.8499984741211,89.9000015258789,87.5,88.05000305175781,88.05000305175781,304969
2018-03-15,87.5,90.80000305175781,86.6500015258789,89.44999694824219,89.44999694824219,435157
2018-03-16,89.44999694824219,91.4000015258789,86.9000015258789,87.1500015258789,87.1500015258789,267008
2018-03-19,87.44999694824219,87.6500015258789,82.8499984741211,83.5,83.5,239288
2018-03-20,83.25,87.44999694824219,81.9000015258789,82.6500015258789,82.6500015258789,614614
2018-03-21,87.6500015258789,88.69999694824219,74.5999984741211,77.30000305175781,77.30000305175781,3604041
2018-03-22,78.0,78.44999694824219,74.4000015258789,74.8499984741211,74.8499984741211,623443
2018-03-23,70.0,73.5,69.4000015258789,71.5,71.5,659007
2018-03-26,72.5,73.80000305175781,69.69999694824219,73.0999984741211,73.0999984741211,442987
2018-03-27,74.0,75.3499984741211,73.05000305175781,73.80000305175781,73.80000305175781,412097
2018-03-28,72.9000015258789,72.9000015258789,69.69999694824219,70.30000305175781,70.30000305175781,331519
2018-04-02,71.25,75.1500015258789,69.80000305175781,74.69999694824219,74.69999694824219,484880
2018-04-03,75.0,78.5,73.69999694824219,77.94999694824219,77.94999694824219,897343
2018-04-04,78.5999984741211,82.9000015258789,78.0999984741211,79.44999694824219,79.44999694824219,1460301
2018-04-05,81.6500015258789,82.69999694824219,80.9000015258789,81.5999984741211,81.5999984741211,407473
2018-04-06,81.55000305175781,82.44999694824219,80.05000305175781,81.6500015258789,81.6500015258789,434901
2018-04-09,82.0999984741211,83.0,80.55000305175781,81.3499984741211,81.3499984741211,369324
2018-04-10,81.80000305175781,82.30000305175781,80.69999694824219,81.05000305175781,81.05000305175781,277491
2018-04-11,81.4000015258789,84.6500015258789,79.4000015258789,83.3499984741211,83.3499984741211,719435
2018-04-12,84.0999984741211,85.5999984741211,82.0999984741211,84.55000305175781,84.55000305175781,741607
2018-04-13,87.0,87.80000305175781,84.5,85.1500015258789,85.1500015258789,888340
2018-04-16,83.8499984741211,87.80000305175781,83.30000305175781,86.55000305175781,86.55000305175781,629630
2018-04-17,86.80000305175781,87.30000305175781,85.25,86.0999984741211,86.0999984741211,478722
2018-04-18,87.4000015258789,89.5999984741211,85.69999694824219,86.8499984741211,86.8499984741211,1185465
2018-04-19,87.3499984741211,88.19999694824219,85.55000305175781,85.94999694824219,85.94999694824219,368560
2018-04-20,85.19999694824219,86.8499984741211,84.0999984741211,84.5999984741211,84.5999984741211,286556
2018-04-23,84.44999694824219,86.0,83.5,84.05000305175781,84.05000305175781,324904
2018-04-24,84.25,85.25,83.0999984741211,83.5,83.5,345354
2018-04-25,83.30000305175781,84.75,82.05000305175781,82.5,82.5,493668
2018-04-26,82.94999694824219,83.3499984741211,81.8499984741211,82.55000305175781,82.55000305175781,264856
2018-04-27,82.75,84.19999694824219,82.1500015258789,83.3499984741211,83.3499984741211,293249
2018-04-30,83.94999694824219,84.0,81.6500015258789,81.94999694824219,81.94999694824219,178360
2018-05-02,82.44999694824219,82.44999694824219,78.5,79.6500015258789,79.6500015258789,290039
2018-05-03,79.19999694824219,79.75,75.44999694824219,78.3499984741211,78.3499984741211,259576
2018-05-04,77.25,79.5999984741211,76.80000305175781,78.05000305175781,78.05000305175781,217902
2018-05-07,78.30000305175781,78.55000305175781,76.6500015258789,76.9000015258789,76.9000015258789,137179
2018-05-08,78.0,80.0,77.0999984741211,77.80000305175781,77.80000305175781,295613
2018-05-09,78.0,78.1500015258789,76.5,76.80000305175781,76.80000305175781,399554
2018-05-10,76.94999694824219,77.19999694824219,74.5999984741211,75.19999694824219,75.19999694824219,167577
2018-05-11,76.0,76.0,73.0,74.0999984741211,74.0999984741211,151081
2018-05-14,74.0,74.4000015258789,70.3499984741211,72.30000305175781,72.30000305175781,175561
2018-05-15,72.05000305175781,74.5,69.0999984741211,70.80000305175781,70.80000305175781,323632
2018-05-16,70.19999694824219,70.55000305175781,68.80000305175781,69.5999984741211,69.5999984741211,158728
2018-05-17,70.3499984741211,74.0,69.30000305175781,73.55000305175781,73.55000305175781,254447
2018-05-18,74.0999984741211,75.80000305175781,71.69999694824219,72.80000305175781,72.80000305175781,180159
2018-05-21,72.44999694824219,72.55000305175781,68.3499984741211,68.94999694824219,68.94999694824219,277502
2018-05-22,69.0,71.5,67.75,70.05000305175781,70.05000305175781,187527
2018-05-23,70.55000305175781,71.0,68.5,69.5999984741211,69.5999984741211,179496
2018-05-24,69.0,69.05000305175781,62.79999923706055,64.05000305175781,64.05000305175781,478709
2018-05-25,64.75,65.0,63.0,64.30000305175781,64.30000305175781,179717
2018-05-28,63.45000076293945,64.0999984741211,61.54999923706055,63.04999923706055,63.04999923706055,204303
2018-05-29,63.04999923706055,65.75,62.04999923706055,65.05000305175781,65.05000305175781,333681
2018-05-30,64.5,65.25,63.29999923706055,64.44999694824219,64.44999694824219,150062
2018-05-31,64.69999694824219,65.25,62.04999923706055,62.79999923706055,62.79999923706055,141862
2018-06-01,63.0,63.0,58.5,58.900001525878906,58.900001525878906,198195
2018-06-04,59.0,59.650001525878906,50.54999923706055,51.54999923706055,51.54999923706055,427354
2018-06-05,50.400001525878906,53.0,49.400001525878906,51.900001525878906,51.900001525878906,306939
2018-06-06,51.95000076293945,54.900001525878906,49.599998474121094,52.75,52.75,353343
2018-06-07,53.70000076293945,54.900001525878906,52.599998474121094,54.150001525878906,54.150001525878906,232146
2018-06-08,53.75,57.79999923706055,52.5,56.70000076293945,56.70000076293945,415992
2018-06-11,56.75,59.75,56.75,58.04999923706055,58.04999923706055,323930
2018-06-12,58.29999923706055,61.5,57.900001525878906,59.95000076293945,59.95000076293945,475671
2018-06-13,60.29999923706055,63.25,59.54999923706055,60.849998474121094,60.849998474121094,472460
2018-06-14,60.70000076293945,64.8499984741211,60.45000076293945,63.599998474121094,63.599998474121094,664387
2018-06-15,63.95000076293945,64.75,61.20000076293945,61.75,61.75,320308
2018-06-18,61.75,62.150001525878906,60.25,61.150001525878906,61.150001525878906,210283
2018-06-19,60.849998474121094,60.849998474121094,57.349998474121094,58.29999923706055,58.29999923706055,192678
2018-06-20,58.5,62.400001525878906,58.0,59.75,59.75,470977
2018-06-21,59.599998474121094,60.099998474121094,58.150001525878906,59.0,59.0,195089
2018-06-22,58.599998474121094,58.70000076293945,56.099998474121094,57.25,57.25,324919
2018-06-25,58.75,59.0,55.400001525878906,56.0,56.0,251147
2018-06-26,55.5,55.95000076293945,54.0,54.75,54.75,179525
2018-06-27,54.099998474121094,54.29999923706055,51.099998474121094,52.5,52.5,235885
2018-06-28,53.0,53.0,50.099998474121094,51.29999923706055,51.29999923706055,271981
2018-06-29,51.70000076293945,53.79999923706055,50.70000076293945,53.25,53.25,335366
2018-07-02,54.0,54.0,50.0,51.45000076293945,51.45000076293945,329021
2018-07-03,50.54999923706055,51.349998474121094,49.5,50.75,50.75,296549
2018-07-04,50.5,51.849998474121094,49.04999923706055,51.04999923706055,51.04999923706055,236261
2018-07-05,51.099998474121094,52.849998474121094,50.5,51.349998474121094,51.349998474121094,175170
2018-07-06,50.400001525878906,52.0,50.20000076293945,50.95000076293945,50.95000076293945,267926
2018-07-09,51.099998474121094,53.349998474121094,50.5,52.75,52.75,314818
2018-07-10,53.20000076293945,54.70000076293945,52.849998474121094,53.79999923706055,53.79999923706055,202865
2018-07-11,53.04999923706055,54.5,52.5,53.0,53.0,197493
2018-07-12,53.20000076293945,53.5,51.0,51.150001525878906,51.150001525878906,213431
2018-07-13,51.599998474121094,52.0,49.70000076293945,50.599998474121094,50.599998474121094,187252
2018-07-16,50.650001525878906,51.25,48.29999923706055,49.04999923706055,49.04999923706055,151028
2018-07-17,49.04999923706055,50.400001525878906,47.5,49.75,49.75,121240
2018-07-18,50.099998474121094,51.5,47.20000076293945,47.70000076293945,47.70000076293945,137162
2018-07-19,47.75,48.150001525878906,45.349998474121094,46.0,46.0,107904
2018-07-20,46.75,46.75,44.29999923706055,44.650001525878906,44.650001525878906,152932
2018-07-23,47.099998474121094,49.0,46.54999923706055,48.0,48.0,574136
2018-07-24,48.70000076293945,57.599998474121094,46.900001525878906,57.599998474121094,57.599998474121094,832265
2018-07-25,60.099998474121094,61.70000076293945,55.0,55.900001525878906,55.900001525878906,1090116
2018-07-26,55.0,57.79999923706055,55.0,56.45000076293945,56.45000076293945,210675
2018-07-27,55.95000076293945,61.29999923706055,55.75,57.25,57.25,669941
2018-07-30,57.20000076293945,58.5,56.54999923706055,57.099998474121094,57.099998474121094,209501
2018-07-31,57.0,57.349998474121094,56.0,56.29999923706055,56.29999923706055,90138
2018-08-01,56.650001525878906,56.95000076293945,54.400001525878906,54.95000076293945,54.95000076293945,112951
2018-08-02,54.849998474121094,57.599998474121094,54.099998474121094,55.599998474121094,55.599998474121094,220783
2018-08-03,55.349998474121094,59.25,55.349998474121094,57.0,57.0,335920
2018-08-06,58.400001525878906,61.599998474121094,57.599998474121094,60.04999923706055,60.04999923706055,638152
2018-08-07,58.099998474121094,58.5,55.400001525878906,55.900001525878906,55.900001525878906,373717
2018-08-08,56.0,56.599998474121094,53.400001525878906,54.599998474121094,54.599998474121094,194715
2018-08-09,55.79999923706055,55.79999923706055,54.349998474121094,54.599998474121094,54.599998474121094,102517
2018-08-10,54.099998474121094,55.25,52.20000076293945,52.45000076293945,52.45000076293945,130525
2018-08-13,52.20000076293945,52.5,50.5,50.79999923706055,50.79999923706055,314440
2018-08-14,51.04999923706055,53.5,51.0,51.349998474121094,51.349998474121094,277443
2018-08-16,51.20000076293945,52.5,50.650001525878906,51.20000076293945,51.20000076293945,207772
2018-08-17,51.54999923706055,53.0,51.0,51.75,51.75,247180
2018-08-20,52.04999923706055,53.5,51.5,52.650001525878906,52.650001525878906,230044
2018-08-21,53.5,53.5,52.0,52.099998474121094,52.099998474121094,185192
2018-08-23,53.400001525878906,54.349998474121094,52.29999923706055,53.04999923706055,53.04999923706055,313472
2018-08-24,53.0,53.54999923706055,52.04999923706055,52.29999923706055,52.29999923706055,172942
2018-08-27,54.0,56.75,53.150001525878906,54.0,54.0,791409
2018-08-28,54.45000076293945,55.099998474121094,52.650001525878906,53.5,53.5,270607
2018-08-29,53.099998474121094,53.849998474121094,52.099998474121094,52.650001525878906,52.650001525878906,253802
2018-08-30,52.95000076293945,53.349998474121094,52.099998474121094,52.349998474121094,52.349998474121094,121588
2018-08-31,56.70000076293945,57.0,54.150001525878906,54.54999923706055,54.54999923706055,611105
2018-09-03,54.70000076293945,55.45000076293945,53.5,53.900001525878906,53.900001525878906,196964
2018-09-04,54.20000076293945,54.20000076293945,51.599998474121094,52.400001525878906,52.400001525878906,172514
2018-09-05,52.900001525878906,53.0,51.20000076293945,51.900001525878906,51.900001525878906,218490
2018-09-06,52.25,53.400001525878906,51.5,52.04999923706055,52.04999923706055,273184
2018-09-07,52.150001525878906,52.79999923706055,51.400001525878906,51.70000076293945,51.70000076293945,252640
2018-09-10,51.5,52.349998474121094,50.599998474121094,50.79999923706055,50.79999923706055,271875
2018-09-11,50.54999923706055,51.75,48.5,49.5,49.5,325814
2018-09-12,49.70000076293945,50.349998474121094,47.5,48.849998474121094,48.849998474121094,259218
2018-09-14,49.20000076293945,50.70000076293945,48.650001525878906,50.20000076293945,50.20000076293945,251037
2018-09-17,49.900001525878906,51.400001525878906,48.599998474121094,50.45000076293945,50.45000076293945,229162
2018-09-18,50.0,50.5,48.599998474121094,49.0,49.0,186496
2018-09-19,49.29999923706055,49.599998474121094,47.95000076293945,48.5,48.5,179139
2018-09-21,49.0,50.20000076293945,41.75,46.45000076293945,46.45000076293945,191800
2018-09-24,47.150001525878906,47.5,41.5,43.599998474121094,43.599998474121094,145186
2018-09-25,44.20000076293945,44.20000076293945,40.099998474121094,41.650001525878906,41.650001525878906,154447
2018-09-26,42.099998474121094,42.54999923706055,41.150001525878906,41.79999923706055,41.79999923706055,105263
2018-09-27,44.45000076293945,46.29999923706055,42.79999923706055,43.45000076293945,43.45000076293945,568499
2018-09-28,44.5,44.5,39.25,40.04999923706055,40.04999923706055,205605
2018-10-01,40.20000076293945,40.25,35.70000076293945,37.0,37.0,287120
2018-10-03,36.95000076293945,39.29999923706055,36.400001525878906,37.75,37.75,191388
2018-10-04,36.95000076293945,38.5,36.349998474121094,37.29999923706055,37.29999923706055,158043
2018-10-05,37.099998474121094,37.54999923706055,35.25,35.900001525878906,35.900001525878906,158371
2018-10-08,35.70000076293945,35.95000076293945,33.5,34.25,34.25,128836
2018-10-09,34.70000076293945,34.900001525878906,29.549999237060547,31.899999618530273,31.899999618530273,261615
2018-10-10,31.899999618530273,35.0,31.899999618530273,34.099998474121094,34.099998474121094,253206
2018-10-11,31.799999237060547,33.29999923706055,31.700000762939453,32.29999923706055,32.29999923706055,139244
2018-10-12,32.900001525878906,38.75,32.900001525878906,38.70000076293945,38.70000076293945,767112
2018-10-15,40.0,44.0,39.54999923706055,43.150001525878906,43.150001525878906,781915
2018-10-16,43.5,44.5,41.79999923706055,43.0,43.0,317468
2018-10-17,43.5,43.75,40.0,40.45000076293945,40.45000076293945,171162
2018-10-19,40.0,42.349998474121094,37.400001525878906,40.70000076293945,40.70000076293945,192602
2018-10-22,40.54999923706055,41.5,38.20000076293945,38.54999923706055,38.54999923706055,78221
2018-10-23,38.400001525878906,38.900001525878906,37.0,37.599998474121094,37.599998474121094,50390
2018-10-24,39.0,39.5,38.099998474121094,38.54999923706055,38.54999923706055,72373
2018-10-25,38.0,38.20000076293945,35.54999923706055,37.5,37.5,85715
2018-10-26,37.79999923706055,38.900001525878906,37.20000076293945,37.900001525878906,37.900001525878906,64789
2018-10-29,37.900001525878906,39.70000076293945,37.900001525878906,39.20000076293945,39.20000076293945,71461
2018-10-30,39.599998474121094,42.20000076293945,39.150001525878906,40.54999923706055,40.54999923706055,198595
2018-10-31,40.79999923706055,41.5,39.75,40.900001525878906,40.900001525878906,85375
2018-11-01,42.650001525878906,43.349998474121094,41.150001525878906,42.349998474121094,42.349998474121094,341176
2018-11-02,42.54999923706055,43.25,41.29999923706055,41.650001525878906,41.650001525878906,172661
2018-11-05,41.5,42.349998474121094,40.75,41.20000076293945,41.20000076293945,84415
2018-11-06,41.54999923706055,43.0,40.79999923706055,41.20000076293945,41.20000076293945,127803
2018-11-07,41.45000076293945,41.75,41.099998474121094,41.29999923706055,41.29999923706055,17960
2018-11-09,41.45000076293945,42.04999923706055,40.70000076293945,41.04999923706055,41.04999923706055,75365
2018-11-12,41.400001525878906,41.70000076293945,40.0,40.54999923706055,40.54999923706055,119715
2018-11-13,40.0,41.0,40.0,40.5,40.5,46026
2018-11-14,40.849998474121094,41.70000076293945,39.54999923706055,40.599998474121094,40.599998474121094,135795
2018-11-15,40.70000076293945,41.20000076293945,39.849998474121094,40.25,40.25,65400
2018-11-16,40.29999923706055,40.900001525878906,39.150001525878906,39.79999923706055,39.79999923706055,73315
2018-11-19,40.0,40.0,38.75,38.95000076293945,38.95000076293945,55523
2018-11-20,39.400001525878906,42.5,39.0,41.04999923706055,41.04999923706055,487911
2018-11-21,41.0,46.0,40.599998474121094,42.95000076293945,42.95000076293945,863027
2018-11-22,43.25,44.0,41.29999923706055,41.70000076293945,41.70000076293945,133391
2018-11-26,42.0,42.0,40.0,40.20000076293945,40.20000076293945,86114
2018-11-27,40.20000076293945,41.0,39.75,40.04999923706055,40.04999923706055,95780
2018-11-28,40.349998474121094,40.5,39.20000076293945,39.54999923706055,39.54999923706055,94256
2018-11-29,39.900001525878906,39.900001525878906,38.70000076293945,39.0,39.0,50934
2018-11-30,40.650001525878906,41.20000076293945,39.150001525878906,40.099998474121094,40.099998474121094,398192
2018-12-03,41.0,41.0,39.650001525878906,39.849998474121094,39.849998474121094,46705
2018-12-04,40.0,40.45000076293945,39.099998474121094,39.5,39.5,61361
2018-12-05,39.0,39.29999923706055,38.599998474121094,38.75,38.75,49657
2018-12-06,38.45000076293945,39.0,37.29999923706055,37.599998474121094,37.599998474121094,53418
2018-12-07,37.95000076293945,37.95000076293945,36.70000076293945,36.849998474121094,36.849998474121094,60333
2018-12-10,36.79999923706055,36.79999923706055,35.0,35.349998474121094,35.349998474121094,64003
2018-12-11,35.04999923706055,36.29999923706055,34.75,35.70000076293945,35.70000076293945,78643
2018-12-12,36.099998474121094,38.0,35.849998474121094,37.45000076293945,37.45000076293945,105363
2018-12-13,37.70000076293945,39.20000076293945,37.5,38.25,38.25,148024
2018-12-14,38.400001525878906,41.400001525878906,37.45000076293945,39.79999923706055,39.79999923706055,421713
2018-12-17,40.20000076293945,40.45000076293945,39.099998474121094,39.29999923706055,39.29999923706055,79566
2018-12-18,38.79999923706055,43.400001525878906,38.79999923706055,41.900001525878906,41.900001525878906,622979
2018-12-19,42.150001525878906,44.79999923706055,41.20000076293945,42.599998474121094,42.599998474121094,577259
2018-12-20,41.650001525878906,43.70000076293945,41.349998474121094,41.650001525878906,41.650001525878906,213625
2018-12-21,42.25,43.79999923706055,41.849998474121094,42.099998474121094,42.099998474121094,472049
2018-12-24,44.400001525878906,44.400001525878906,42.25,43.150001525878906,43.150001525878906,1009363
2018-12-26,42.70000076293945,43.0,40.79999923706055,41.79999923706055,41.79999923706055,164265
2018-12-27,42.150001525878906,42.70000076293945,41.099998474121094,41.349998474121094,41.349998474121094,100895
2018-12-28,41.349998474121094,42.45000076293945,41.099998474121094,41.45000076293945,41.45000076293945,159352
2018-12-31,41.79999923706055,42.25,41.150001525878906,41.25,41.25,89648
2019-01-01,41.599998474121094,42.5,40.79999923706055,41.650001525878906,41.650001525878906,115101
2019-01-02,41.29999923706055,41.75,40.29999923706055,40.849998474121094,40.849998474121094,124149
2019-01-03,40.849998474121094,41.29999923706055,40.0,40.150001525878906,40.150001525878906,55544
2019-01-04,40.25,40.599998474121094,39.150001525878906,39.5,39.5,75133
2019-01-07,39.70000076293945,40.900001525878906,39.70000076293945,40.04999923706055,40.04999923706055,60713
2019-01-08,40.20000076293945,41.0,39.70000076293945,40.150001525878906,40.150001525878906,116802
2019-01-09,40.04999923706055,40.45000076293945,39.70000076293945,39.900001525878906,39.900001525878906,94850
2019-01-10,39.54999923706055,40.29999923706055,38.5,38.95000076293945,38.95000076293945,102380
2019-01-11,39.20000076293945,39.900001525878906,37.599998474121094,38.29999923706055,38.29999923706055,113727
2019-01-14,39.29999923706055,40.20000076293945,38.900001525878906,39.45000076293945,39.45000076293945,284788
2019-01-15,39.75,40.79999923706055,39.599998474121094,39.849998474121094,39.849998474121094,105710
2019-01-16,41.20000076293945,41.900001525878906,40.25,40.5,40.5,293991
2019-01-17,40.54999923706055,40.70000076293945,39.20000076293945,39.54999923706055,39.54999923706055,113299
2019-01-18,39.75,39.75,38.599998474121094,38.849998474121094,38.849998474121094,56983
2019-01-21,39.5,41.900001525878906,39.25,41.04999923706055,41.04999923706055,372887
2019-01-22,42.79999923706055,43.95000076293945,41.099998474121094,42.20000076293945,42.20000076293945,761939
2019-01-23,41.900001525878906,41.900001525878906,40.349998474121094,40.599998474121094,40.599998474121094,73844
2019-01-24,40.70000076293945,40.70000076293945,39.20000076293945,39.45000076293945,39.45000076293945,74265
2019-01-25,39.5,41.70000076293945,38.099998474121094,38.349998474121094,38.349998474121094,253171
2019-01-28,38.5,38.54999923706055,36.099998474121094,36.349998474121094,36.349998474121094,142316
2019-01-29,36.5,37.0,35.599998474121094,36.650001525878906,36.650001525878906,90710
2019-01-30,36.900001525878906,37.20000076293945,36.349998474121094,36.650001525878906,36.650001525878906,65289
2019-01-31,36.95000076293945,37.5,36.5,37.0,37.0,84358
2019-02-01,37.099998474121094,37.849998474121094,36.5,36.650001525878906,36.650001525878906,92773
2019-02-04,36.5,36.54999923706055,32.849998474121094,33.20000076293945,33.20000076293945,235958
2019-02-05,32.70000076293945,33.25,30.600000381469727,31.0,31.0,149034
2019-02-06,31.0,31.5,26.75,27.350000381469727,27.350000381469727,350558
2019-02-07,27.350000381469727,28.600000381469727,26.0,28.0,28.0,202780
2019-02-08,28.5,28.5,27.200000762939453,27.399999618530273,27.399999618530273,41057
2019-02-11,27.75,27.75,26.399999618530273,26.549999237060547,26.549999237060547,38299
2019-02-12,26.799999237060547,26.799999237060547,24.350000381469727,25.100000381469727,25.100000381469727,74292
2019-02-14,24.049999237060547,24.5,22.549999237060547,24.100000381469727,24.100000381469727,137173
2019-02-15,24.299999237060547,24.700000762939453,23.100000381469727,24.100000381469727,24.100000381469727,44163
2019-02-18,24.450000762939453,26.5,24.25,25.549999237060547,25.549999237060547,147528
2019-02-19,25.649999618530273,27.350000381469727,25.100000381469727,25.649999618530273,25.649999618530273,189762
2019-02-20,27.0,27.950000762939453,26.600000381469727,27.100000381469727,27.100000381469727,401738
2019-02-21,27.200000762939453,27.700000762939453,26.799999237060547,27.149999618530273,27.149999618530273,61498
2019-02-22,26.25,27.799999237060547,26.25,27.649999618530273,27.649999618530273,104353
2019-02-25,28.0,28.850000381469727,27.649999618530273,28.149999618530273,28.149999618530273,108692
2019-02-26,28.149999618530273,28.149999618530273,25.549999237060547,26.600000381469727,26.600000381469727,213334
2019-02-27,26.75,27.450000762939453,26.0,26.25,26.25,71081
2019-02-28,26.700000762939453,26.700000762939453,25.799999237060547,26.25,26.25,41733
2019-03-01,26.100000381469727,27.25,25.25,26.950000762939453,26.950000762939453,183477
2019-03-05,27.0,29.600000381469727,26.950000762939453,28.899999618530273,28.899999618530273,221695
2019-03-06,28.799999237060547,29.850000381469727,28.25,28.700000762939453,28.700000762939453,148070
2019-03-07,29.0,29.0,28.25,28.450000762939453,28.450000762939453,66392
2019-03-08,29.600000381469727,29.75,28.549999237060547,28.75,28.75,160484
2019-03-11,29.5,30.100000381469727,29.0,29.350000381469727,29.350000381469727,192632
2019-03-12,29.600000381469727,30.549999237060547,29.200000762939453,30.049999237060547,30.049999237060547,222006
2019-03-13,29.950000762939453,30.649999618530273,29.5,29.600000381469727,29.600000381469727,105502
2019-03-14,29.600000381469727,29.899999618530273,28.850000381469727,29.100000381469727,29.100000381469727,77857
2019-03-15,29.299999237060547,29.649999618530273,28.5,28.649999618530273,28.649999618530273,102422
2019-03-18,28.799999237060547,29.149999618530273,28.649999618530273,28.950000762939453,28.950000762939453,58789
2019-03-19,28.850000381469727,29.149999618530273,28.649999618530273,28.75,28.75,54928
2019-03-20,28.5,28.75,28.0,28.25,28.25,42641
2019-03-22,28.700000762939453,29.399999618530273,28.0,28.549999237060547,28.549999237060547,133141
2019-03-25,28.0,29.25,27.350000381469727,27.600000381469727,27.600000381469727,152881
2019-03-26,28.399999618530273,28.399999618530273,26.299999237060547,26.799999237060547,26.799999237060547,142511
2019-03-27,26.899999618530273,27.149999618530273,25.799999237060547,26.049999237060547,26.049999237060547,107095
2019-03-28,26.600000381469727,26.600000381469727,25.899999618530273,26.149999618530273,26.149999618530273,69464
2019-04-01,27.850000381469727,28.5,27.399999618530273,27.899999618530273,27.899999618530273,245877
2019-04-02,27.950000762939453,28.100000381469727,26.850000381469727,27.049999237060547,27.049999237060547,64481
2019-04-03,27.100000381469727,27.600000381469727,26.5,26.799999237060547,26.799999237060547,65694
2019-04-04,26.549999237060547,26.649999618530273,25.899999618530273,26.200000762939453,26.200000762939453,51913
2019-04-05,28.5,29.899999618530273,26.600000381469727,27.049999237060547,27.049999237060547,583227
2019-04-08,27.0,27.25,26.549999237060547,26.600000381469727,26.600000381469727,66660
2019-04-09,26.75,26.75,26.149999618530273,26.350000381469727,26.350000381469727,66952
2019-04-10,26.5,27.049999237060547,25.5,26.549999237060547,26.549999237060547,231858
2019-04-11,26.799999237060547,26.899999618530273,26.0,26.299999237060547,26.299999237060547,65258
2019-04-12,26.049999237060547,26.299999237060547,25.899999618530273,26.0,26.0,87443
2019-04-15,26.149999618530273,26.950000762939453,26.0,26.100000381469727,26.100000381469727,102686
2019-04-16,26.149999618530273,26.350000381469727,25.799999237060547,25.850000381469727,25.850000381469727,67843
2019-04-18,25.950000762939453,26.049999237060547,25.049999237060547,25.350000381469727,25.350000381469727,84172
2019-04-22,25.350000381469727,25.350000381469727,24.200000762939453,24.299999237060547,24.299999237060547,106273
2019-04-23,24.799999237060547,24.799999237060547,23.5,24.350000381469727,24.350000381469727,37544
2019-04-24,24.5,24.600000381469727,23.899999618530273,24.149999618530273,24.149999618530273,53576
2019-04-25,24.149999618530273,24.25,23.299999237060547,23.549999237060547,23.549999237060547,76553
2019-04-26,23.399999618530273,23.799999237060547,23.399999618530273,23.549999237060547,23.549999237060547,51116
2019-04-30,23.75,23.75,22.5,22.799999237060547,22.799999237060547,75131
2019-05-02,22.799999237060547,22.799999237060547,22.100000381469727,22.450000762939453,22.450000762939453,44972
2019-05-03,22.600000381469727,26.899999618530273,22.100000381469727,26.5,26.5,2079868
2019-05-06,24.950000762939453,26.450000762939453,24.0,24.350000381469727,24.350000381469727,472609
2019-05-07,25.200000762939453,25.450000762939453,23.850000381469727,24.200000762939453,24.200000762939453,159657
2019-05-08,24.299999237060547,24.299999237060547,22.549999237060547,22.899999618530273,22.899999618530273,158830
2019-05-09,22.5,23.450000762939453,22.100000381469727,22.600000381469727,22.600000381469727,166899
2019-05-10,22.799999237060547,23.5,21.450000762939453,21.700000762939453,21.700000762939453,344833
2019-05-13,21.950000762939453,21.950000762939453,20.200000762939453,20.350000381469727,20.350000381469727,125239
2019-05-14,20.799999237060547,20.799999237060547,19.299999237060547,19.700000762939453,19.700000762939453,147217
2019-05-15,20.200000762939453,20.5,19.75,20.0,20.0,72114
2019-05-16,19.950000762939453,21.450000762939453,19.75,20.450000762939453,20.450000762939453,165236
2019-05-17,21.049999237060547,21.049999237060547,20.450000762939453,20.549999237060547,20.549999237060547,65489
2019-05-20,21.600000381469727,22.5,21.0,22.450000762939453,22.450000762939453,214287
2019-05-21,22.850000381469727,22.850000381469727,21.450000762939453,22.0,22.0,113264
2019-05-22,23.600000381469727,24.700000762939453,22.75,23.0,23.0,451922
2019-05-23,24.0,24.0,22.149999618530273,22.350000381469727,22.350000381469727,129057
2019-05-24,23.100000381469727,23.899999618530273,21.799999237060547,23.549999237060547,23.549999237060547,139284
2019-05-27,23.149999618530273,25.350000381469727,23.149999618530273,25.0,25.0,341491
2019-05-28,28.799999237060547,29.649999618530273,27.0,28.700000762939453,28.700000762939453,1980310
2019-05-29,27.5,28.25,26.649999618530273,26.899999618530273,26.899999618530273,315801
2019-05-30,27.450000762939453,27.450000762939453,26.149999618530273,26.799999237060547,26.799999237060547,105633
2019-05-31,26.850000381469727,27.200000762939453,25.649999618530273,25.899999618530273,25.899999618530273,109203
2019-06-03,26.100000381469727,26.299999237060547,25.100000381469727,25.350000381469727,25.350000381469727,91838
2019-06-04,25.399999618530273,25.75,24.75,25.200000762939453,25.200000762939453,55625
2019-06-06,25.299999237060547,25.399999618530273,24.0,24.100000381469727,24.100000381469727,88859
2019-06-07,24.0,24.700000762939453,23.700000762939453,23.899999618530273,23.899999618530273,43139
2019-06-10,24.100000381469727,24.25,22.799999237060547,23.200000762939453,23.200000762939453,59743
2019-06-11,23.350000381469727,24.299999237060547,23.149999618530273,23.75,23.75,76851
2019-06-12,23.549999237060547,25.049999237060547,23.549999237060547,23.950000762939453,23.950000762939453,74897
2019-06-13,23.899999618530273,24.0,23.149999618530273,23.350000381469727,23.350000381469727,61016
2019-06-14,23.149999618530273,23.600000381469727,22.799999237060547,23.049999237060547,23.049999237060547,62894
2019-06-17,23.350000381469727,23.350000381469727,22.0,22.100000381469727,22.100000381469727,65318
2019-06-18,22.899999618530273,23.200000762939453,21.950000762939453,22.200000762939453,22.200000762939453,99206
2019-06-19,22.5,22.649999618530273,21.0,21.100000381469727,21.100000381469727,76109
2019-06-20,20.899999618530273,23.049999237060547,20.5,22.850000381469727,22.850000381469727,95592
2019-06-21,22.899999618530273,23.799999237060547,22.049999237060547,22.5,22.5,65649
2019-06-24,22.399999618530273,22.899999618530273,21.200000762939453,21.950000762939453,21.950000762939453,59624
2019-06-25,21.950000762939453,22.399999618530273,21.5,21.75,21.75,36934
2019-06-26,22.399999618530273,22.5,21.049999237060547,22.149999618530273,22.149999618530273,113182
2019-06-27,22.600000381469727,22.75,22.149999618530273,22.299999237060547,22.299999237060547,37281
2019-06-28,22.5,22.5,21.399999618530273,21.850000381469727,21.850000381469727,46389
2019-07-01,22.399999618530273,22.600000381469727,21.850000381469727,22.25,22.25,32892
2019-07-02,22.5,22.549999237060547,21.899999618530273,22.0,22.0,24224
2019-07-03,22.399999618530273,22.399999618530273,21.549999237060547,21.850000381469727,21.850000381469727,35243
2019-07-04,21.75,22.399999618530273,21.700000762939453,21.850000381469727,21.850000381469727,60632
2019-07-05,22.0,22.299999237060547,21.399999618530273,21.799999237060547,21.799999237060547,71130
2019-07-08,21.600000381469727,21.850000381469727,20.100000381469727,20.600000381469727,20.600000381469727,61820
2019-07-09,21.25,21.549999237060547,20.25,21.25,21.25,45799
2019-07-10,22.0,22.049999237060547,20.5,20.799999237060547,20.799999237060547,33326
2019-07-11,21.5,21.5,20.399999618530273,21.0,21.0,35103
2019-07-12,21.0,21.299999237060547,20.700000762939453,21.049999237060547,21.049999237060547,45070
2019-07-15,21.75,21.75,20.149999618530273,20.350000381469727,20.350000381469727,42944
2019-07-16,19.950000762939453,20.799999237060547,19.899999618530273,20.149999618530273,20.149999618530273,46946
2019-07-17,20.350000381469727,20.399999618530273,19.950000762939453,20.049999237060547,20.049999237060547,35573
2019-07-18,20.149999618530273,20.200000762939453,19.600000381469727,20.0,20.0,53782
2019-07-19,19.950000762939453,20.0,19.25,19.450000762939453,19.450000762939453,51063
2019-07-22,19.5,21.200000762939453,18.0,19.600000381469727,19.600000381469727,111077
2019-07-23,20.299999237060547,20.299999237060547,18.149999618530273,19.25,19.25,60018
2019-07-24,19.799999237060547,19.799999237060547,18.799999237060547,19.399999618530273,19.399999618530273,37736
2019-07-25,19.350000381469727,20.399999618530273,19.049999237060547,19.299999237060547,19.299999237060547,55052
2019-07-26,18.850000381469727,19.75,18.850000381469727,19.299999237060547,19.299999237060547,54943
2019-07-29,19.850000381469727,19.850000381469727,18.5,19.0,19.0,51860
2019-07-30,19.299999237060547,19.299999237060547,18.25,18.399999618530273,18.399999618530273,80299
2019-07-31,18.399999618530273,18.700000762939453,17.600000381469727,18.200000762939453,18.200000762939453,76721
2019-08-01,18.200000762939453,18.600000381469727,17.549999237060547,17.700000762939453,17.700000762939453,63255
2019-08-02,17.5,17.700000762939453,16.950000762939453,17.5,17.5,52181
2019-08-05,17.5,17.5,16.799999237060547,17.149999618530273,17.149999618530273,23220
2019-08-06,16.700000762939453,18.899999618530273,16.700000762939453,18.5,18.5,76437
2019-08-07,19.100000381469727,19.200000762939453,18.600000381469727,19.049999237060547,19.049999237060547,49559
2019-08-08,18.850000381469727,19.0,18.0,18.149999618530273,18.149999618530273,37031
2019-08-09,18.350000381469727,18.850000381469727,18.100000381469727,18.350000381469727,18.350000381469727,52512
2019-08-13,18.899999618530273,18.899999618530273,17.549999237060547,17.649999618530273,17.649999618530273,31224
2019-08-14,18.5,18.5,17.299999237060547,17.700000762939453,17.700000762939453,36037
2019-08-16,17.5,17.75,17.0,17.100000381469727,17.100000381469727,33316
2019-08-19,17.649999618530273,17.75,16.700000762939453,17.350000381469727,17.350000381469727,47652
2019-08-20,17.350000381469727,17.399999618530273,17.0,17.100000381469727,17.100000381469727,11110
2019-08-21,17.049999237060547,17.049999237060547,16.5,16.850000381469727,16.850000381469727,34899
2019-08-22,16.799999237060547,16.799999237060547,14.800000190734863,15.149999618530273,15.149999618530273,96130
2019-08-23,14.550000190734863,14.800000190734863,13.649999618530273,14.300000190734863,14.300000190734863,109485
2019-08-26,15.0,15.0,14.199999809265137,14.699999809265137,14.699999809265137,49760
2019-08-27,15.0,17.600000381469727,14.350000381469727,17.600000381469727,17.600000381469727,256429
2019-08-28,18.200000762939453,18.600000381469727,16.5,16.799999237060547,16.799999237060547,205827
2019-08-29,16.25,16.950000762939453,15.800000190734863,15.949999809265137,15.949999809265137,61706
2019-08-30,16.0,16.350000381469727,15.600000381469727,15.850000381469727,15.850000381469727,42689
2019-09-03,15.300000190734863,15.850000381469727,15.149999618530273,15.449999809265137,15.449999809265137,25602
2019-09-04,15.699999809265137,15.899999618530273,15.100000381469727,15.600000381469727,15.600000381469727,42920
2019-09-05,16.200000762939453,17.350000381469727,15.550000190734863,16.649999618530273,16.649999618530273,105935
2019-09-06,17.399999618530273,17.399999618530273,16.299999237060547,16.700000762939453,16.700000762939453,35658
2019-09-09,17.0,17.200000762939453,16.399999618530273,17.0,17.0,45201
2019-09-11,17.450000762939453,20.399999618530273,17.200000762939453,20.100000381469727,20.100000381469727,513038
2019-09-12,19.850000381469727,22.200000762939453,19.299999237060547,19.850000381469727,19.850000381469727,333537
2019-09-13,20.200000762939453,20.299999237060547,19.200000762939453,20.0,20.0,83563
2019-09-16,20.0,21.399999618530273,19.700000762939453,20.700000762939453,20.700000762939453,168099
2019-09-17,20.700000762939453,20.700000762939453,20.0,20.0,20.0,54672
2019-09-18,20.200000762939453,24.0,20.200000762939453,21.899999618530273,21.899999618530273,555272
2019-09-19,22.75,22.75,20.200000762939453,20.600000381469727,20.600000381469727,99284
2019-09-20,21.399999618530273,21.899999618530273,20.75,21.350000381469727,21.350000381469727,118323
2019-09-23,21.5,22.549999237060547,21.5,21.799999237060547,21.799999237060547,100369
2019-09-24,22.149999618530273,22.299999237060547,20.649999618530273,20.799999237060547,20.799999237060547,57592
2019-09-25,20.899999618530273,21.049999237060547,20.0,20.200000762939453,20.200000762939453,97977
2019-09-26,22.0,23.049999237060547,21.649999618530273,22.100000381469727,22.100000381469727,559895
2019-09-27,23.5,24.200000762939453,23.0,23.299999237060547,23.299999237060547,460078
2019-09-30,24.0,24.100000381469727,22.0,22.25,22.25,206709
2019-10-01,22.5,23.100000381469727,19.25,20.399999618530273,20.399999618530273,167101
2019-10-03,20.25,21.0,19.350000381469727,20.649999618530273,20.649999618530273,89154
2019-10-04,21.700000762939453,21.75,20.799999237060547,20.950000762939453,20.950000762939453,131504
2019-10-07,21.049999237060547,22.799999237060547,20.100000381469727,20.299999237060547,20.299999237060547,79714
2019-10-09,20.299999237060547,20.899999618530273,19.649999618530273,19.950000762939453,19.950000762939453,88019
2019-10-10,19.950000762939453,20.5,19.450000762939453,19.700000762939453,19.700000762939453,54348
2019-10-11,20.100000381469727,20.149999618530273,18.149999618530273,18.700000762939453,18.700000762939453,119958
2019-10-14,18.700000762939453,19.200000762939453,18.25,18.549999237060547,18.549999237060547,69095
2019-10-15,18.799999237060547,19.0,18.299999237060547,18.600000381469727,18.600000381469727,45701
2019-10-16,18.850000381469727,19.75,18.600000381469727,18.850000381469727,18.850000381469727,53085
2019-10-17,18.950000762939453,19.399999618530273,18.5,18.600000381469727,18.600000381469727,75990
2019-10-18,19.75,20.850000381469727,19.75,20.25,20.25,387521
2019-10-22,20.25,20.450000762939453,19.5,19.75,19.75,103693
2019-10-23,19.75,19.899999618530273,19.25,19.5,19.5,61900
2019-10-24,19.649999618530273,20.0,19.0,19.200000762939453,19.200000762939453,50996
2019-10-25,19.149999618530273,19.649999618530273,18.75,18.899999618530273,18.899999618530273,47738
2019-10-27,19.0,19.350000381469727,18.75,18.899999618530273,18.899999618530273,13495
2019-10-29,19.299999237060547,19.899999618530273,18.75,19.200000762939453,19.200000762939453,103643
2019-10-30,19.5,19.899999618530273,19.049999237060547,19.200000762939453,19.200000762939453,83971
2019-10-31,19.399999618530273,19.75,19.200000762939453,19.350000381469727,19.350000381469727,119864
2019-11-01,19.649999618530273,19.649999618530273,18.950000762939453,19.25,19.25,71495
2019-11-04,19.399999618530273,19.5,19.0,19.25,19.25,51742
2019-11-05,20.0,20.0,19.200000762939453,19.299999237060547,19.299999237060547,96294
2019-11-06,19.200000762939453,20.25,18.899999618530273,19.100000381469727,19.100000381469727,63833
2019-11-07,19.25,19.350000381469727,18.450000762939453,18.649999618530273,18.649999618530273,51776
2019-11-08,18.700000762939453,19.149999618530273,18.649999618530273,18.950000762939453,18.950000762939453,56354
2019-11-11,19.0,21.0,19.0,19.850000381469727,19.850000381469727,171231
2019-11-13,19.200000762939453,20.149999618530273,19.0,19.5,19.5,92014
2019-11-14,19.25,21.350000381469727,18.799999237060547,19.350000381469727,19.350000381469727,332628
2019-11-15,19.049999237060547,20.0,19.049999237060547,19.200000762939453,19.200000762939453,62937
2019-11-18,19.5,19.5,18.850000381469727,19.0,19.0,63860
2019-11-19,19.0,19.0,18.149999618530273,18.299999237060547,18.299999237060547,85616
2019-11-20,18.549999237060547,18.799999237060547,18.0,18.299999237060547,18.299999237060547,40181
2019-11-21,18.399999618530273,18.799999237060547,18.200000762939453,18.25,18.25,38977
2019-11-22,18.299999237060547,18.549999237060547,18.0,18.200000762939453,18.200000762939453,47984
2019-11-25,19.25,19.25,18.25,18.450000762939453,18.450000762939453,47799
2019-11-26,18.5,18.799999237060547,18.049999237060547,18.149999618530273,18.149999618530273,29993
2019-11-27,18.299999237060547,19.899999618530273,18.200000762939453,18.75,18.75,146839
2019-11-28,18.799999237060547,19.75,18.5,19.25,19.25,220416
2019-11-29,18.700000762939453,19.5,18.399999618530273,18.5,18.5,161451
2019-12-02,18.799999237060547,18.899999618530273,18.25,18.399999618530273,18.399999618530273,83444
2019-12-03,18.5,18.5,17.700000762939453,17.899999618530273,17.899999618530273,68350
2019-12-04,17.600000381469727,18.450000762939453,17.5,18.049999237060547,18.049999237060547,62253
2019-12-05,18.200000762939453,18.200000762939453,17.600000381469727,17.850000381469727,17.850000381469727,48041
2019-12-06,18.399999618530273,18.399999618530273,17.299999237060547,17.549999237060547,17.549999237060547,47593
2019-12-09,17.549999237060547,17.600000381469727,16.899999618530273,17.100000381469727,17.100000381469727,41607
2019-12-10,17.950000762939453,18.450000762939453,17.200000762939453,17.549999237060547,17.549999237060547,209597
2019-12-11,17.799999237060547,17.850000381469727,17.25,17.299999237060547,17.299999237060547,40656
2019-12-12,17.450000762939453,19.0,17.100000381469727,18.600000381469727,18.600000381469727,156571
2019-12-13,19.799999237060547,20.600000381469727,19.399999618530273,19.75,19.75,1049320
2019-12-16,19.700000762939453,19.75,18.600000381469727,18.799999237060547,18.799999237060547,150685
2019-12-17,19.5,19.75,18.799999237060547,19.100000381469727,19.100000381469727,190526
2019-12-18,19.0,19.399999618530273,18.600000381469727,18.799999237060547,18.799999237060547,71187
2019-12-19,18.700000762939453,19.0,18.450000762939453,18.700000762939453,18.700000762939453,59371
2019-12-20,18.700000762939453,18.799999237060547,18.399999618530273,18.5,18.5,44916
2019-12-23,19.25,19.25,18.649999618530273,18.850000381469727,18.850000381469727,182730
2019-12-24,18.850000381469727,19.049999237060547,18.399999618530273,18.5,18.5,90998
2019-12-26,18.299999237060547,18.700000762939453,18.25,18.399999618530273,18.399999618530273,51325
2019-12-27,18.5,19.25,18.100000381469727,18.950000762939453,18.950000762939453,133722
2019-12-30,19.600000381469727,19.899999618530273,18.950000762939453,19.399999618530273,19.399999618530273,439870
2019-12-31,19.5,19.5,18.899999618530273,19.0,19.0,58507
2020-01-01,19.350000381469727,19.399999618530273,19.0,19.149999618530273,19.149999618530273,34308
2020-01-02,19.100000381469727,20.899999618530273,18.850000381469727,20.450000762939453,20.450000762939453,330700
2020-01-03,19.899999618530273,21.0,19.75,19.850000381469727,19.850000381469727,173806
2020-01-06,19.600000381469727,19.600000381469727,18.600000381469727,18.75,18.75,116169
2020-01-07,19.149999618530273,20.75,18.700000762939453,20.0,20.0,263172
2020-01-08,19.25,20.899999618530273,19.25,20.549999237060547,20.549999237060547,332964
2020-01-09,21.200000762939453,21.399999618530273,20.0,20.399999618530273,20.399999618530273,162674
2020-01-10,20.600000381469727,21.149999618530273,19.600000381469727,20.75,20.75,298127
2020-01-13,22.0,24.600000381469727,20.649999618530273,23.200000762939453,23.200000762939453,2072199
2020-01-14,24.200000762939453,24.200000762939453,22.049999237060547,22.75,22.75,470308
2020-01-15,22.75,22.75,21.700000762939453,22.049999237060547,22.049999237060547,173028
2020-01-16,22.149999618530273,24.25,22.049999237060547,23.950000762939453,23.950000762939453,426157
2020-01-17,23.950000762939453,24.0,23.100000381469727,23.350000381469727,23.350000381469727,172527
2020-01-20,23.399999618530273,23.649999618530273,22.0,22.100000381469727,22.100000381469727,120913
2020-01-21,21.950000762939453,22.75,21.399999618530273,21.700000762939453,21.700000762939453,85256
2020-01-22,21.950000762939453,22.75,21.100000381469727,21.549999237060547,21.549999237060547,192565
2020-01-23,22.149999618530273,22.700000762939453,21.799999237060547,22.0,22.0,259107
2020-01-24,22.399999618530273,23.5,22.25,22.5,22.5,270830
2020-01-27,22.399999618530273,22.700000762939453,21.600000381469727,21.850000381469727,21.850000381469727,91471
2020-01-28,21.950000762939453,22.899999618530273,21.75,22.049999237060547,22.049999237060547,153350
2020-01-29,22.0,22.5,22.0,22.200000762939453,22.200000762939453,71593
2020-01-30,21.850000381469727,23.700000762939453,21.850000381469727,23.100000381469727,23.100000381469727,513833
2020-01-31,23.049999237060547,23.25,22.25,22.5,22.5,108290
2020-02-03,21.049999237060547,21.899999618530273,20.649999618530273,21.450000762939453,21.450000762939453,99825
2020-02-04,21.450000762939453,22.5,21.450000762939453,22.200000762939453,22.200000762939453,100121
2020-02-05,22.299999237060547,23.350000381469727,22.299999237060547,23.0,23.0,132985
2020-02-06,23.200000762939453,23.549999237060547,22.5,22.950000762939453,22.950000762939453,123887
2020-02-07,22.799999237060547,22.799999237060547,22.049999237060547,22.149999618530273,22.149999618530273,104915
2020-02-10,22.149999618530273,22.200000762939453,20.899999618530273,21.049999237060547,21.049999237060547,106539
2020-02-11,21.200000762939453,21.549999237060547,19.700000762939453,20.0,20.0,114867
2020-02-12,21.0,22.399999618530273,20.399999618530273,22.0,22.0,443205
2020-02-13,21.899999618530273,23.299999237060547,21.25,22.149999618530273,22.149999618530273,271341
2020-02-14,21.899999618530273,22.649999618530273,21.0,21.25,21.25,114089
2020-02-17,21.399999618530273,21.950000762939453,20.399999618530273,20.950000762939453,20.950000762939453,65610
2020-02-18,20.950000762939453,21.0,18.899999618530273,19.350000381469727,19.350000381469727,233705
2020-02-19,19.700000762939453,19.850000381469727,19.399999618530273,19.600000381469727,19.600000381469727,85080
2020-02-20,19.649999618530273,19.950000762939453,19.049999237060547,19.299999237060547,19.299999237060547,93699
2020-02-24,19.0,19.200000762939453,18.049999237060547,18.200000762939453,18.200000762939453,87621
2020-02-25,18.700000762939453,20.899999618530273,17.600000381469727,19.200000762939453,19.200000762939453,130756
2020-02-26,18.850000381469727,19.25,18.350000381469727,18.5,18.5,62692
2020-02-27,18.5,18.649999618530273,17.75,18.100000381469727,18.100000381469727,66776
2020-02-28,17.75,17.950000762939453,16.799999237060547,16.899999618530273,16.899999618530273,79666
2020-03-02,17.549999237060547,18.950000762939453,16.600000381469727,16.950000762939453,16.950000762939453,68237
2020-03-03,17.200000762939453,17.649999618530273,16.450000762939453,16.799999237060547,16.799999237060547,91765
2020-03-04,17.0,17.0,15.25,15.899999618530273,15.899999618530273,112719
2020-03-05,16.649999618530273,16.950000762939453,15.949999809265137,16.450000762939453,16.450000762939453,76301
2020-03-06,15.350000381469727,15.800000190734863,14.699999809265137,15.25,15.25,98471
2020-03-09,15.0,15.0,13.850000381469727,14.25,14.25,94000
2020-03-11,14.5,14.75,13.699999809265137,14.300000190734863,14.300000190734863,66159
2020-03-12,13.75,13.75,11.949999809265137,12.100000381469727,12.100000381469727,122144
2020-03-13,10.100000381469727,12.699999809265137,9.699999809265137,11.600000381469727,11.600000381469727,231993
2020-03-16,11.649999618530273,11.649999618530273,10.600000381469727,10.850000381469727,10.850000381469727,74114
2020-03-17,11.0,11.550000190734863,10.149999618530273,10.600000381469727,10.600000381469727,88561
2020-03-18,11.0,11.199999809265137,9.550000190734863,9.550000190734863,9.550000190734863,104100
2020-03-19,8.600000381469727,9.899999618530273,8.600000381469727,8.75,8.75,193673
2020-03-20,9.100000381469727,9.600000381469727,8.800000190734863,9.600000381469727,9.600000381469727,110938
2020-03-23,9.600000381469727,10.5,8.649999618530273,9.149999618530273,9.149999618530273,114896
2020-03-24,9.949999809265137,9.949999809265137,8.399999618530273,9.050000190734863,9.050000190734863,80554
2020-03-25,9.199999809265137,9.800000190734863,9.0,9.399999618530273,9.399999618530273,83309
2020-03-26,9.5,10.25,9.199999809265137,9.949999809265137,9.949999809265137,105059
2020-03-27,10.0,10.800000190734863,9.300000190734863,9.600000381469727,9.600000381469727,103968
2020-03-30,9.5,10.25,9.050000190734863,10.050000190734863,10.050000190734863,92770
2020-03-31,10.800000190734863,11.050000190734863,10.699999809265137,11.050000190734863,11.050000190734863,160163
2020-04-01,11.649999618530273,12.149999618530273,11.600000381469727,12.149999618530273,12.149999618530273,60423
2020-04-03,12.75,12.75,12.699999809265137,12.75,12.75,30433
2020-04-07,13.350000381469727,13.350000381469727,13.350000381469727,13.350000381469727,13.350000381469727,14779
2020-04-08,14.0,14.0,14.0,14.0,14.0,14650
2020-04-09,14.699999809265137,14.699999809265137,14.699999809265137,14.699999809265137,14.699999809265137,14387
2020-04-13,15.399999618530273,15.399999618530273,15.399999618530273,15.399999618530273,15.399999618530273,12031
2020-04-15,16.149999618530273,16.149999618530273,16.149999618530273,16.149999618530273,16.149999618530273,14626
2020-04-16,16.950000762939453,16.950000762939453,16.950000762939453,16.950000762939453,16.950000762939453,39721
2020-04-17,17.75,17.75,17.75,17.75,17.75,11750
2020-04-20,18.600000381469727,18.600000381469727,16.899999618530273,16.899999618530273,16.899999618530273,91681
2020-04-21,16.100000381469727,16.100000381469727,16.100000381469727,16.100000381469727,16.100000381469727,7339
2020-04-22,15.300000190734863,15.300000190734863,15.300000190734863,15.300000190734863,15.300000190734863,6703
2020-04-23,15.550000190734863,16.049999237060547,15.550000190734863,16.049999237060547,16.049999237060547,61333
2020-04-24,16.049999237060547,16.850000381469727,15.25,15.850000381469727,15.850000381469727,33985
2020-04-27,16.600000381469727,16.600000381469727,15.100000381469727,15.600000381469727,15.600000381469727,33956
2020-04-28,15.600000381469727,15.600000381469727,15.0,15.100000381469727,15.100000381469727,16576
2020-04-29,15.5,15.5,14.550000190734863,15.100000381469727,15.100000381469727,16665
2020-04-30,15.850000381469727,15.850000381469727,15.850000381469727,15.850000381469727,15.850000381469727,37990
2020-05-04,16.5,16.5,15.100000381469727,15.350000381469727,15.350000381469727,33654
2020-05-05,15.350000381469727,15.449999809265137,14.75,14.800000190734863,14.800000190734863,25080
2020-05-06,15.399999618530273,15.399999618530273,14.300000190734863,14.449999809265137,14.449999809265137,11420
2020-05-07,14.0,14.75,13.949999809265137,14.600000381469727,14.600000381469727,14634
2020-05-08,14.600000381469727,14.75,14.199999809265137,14.449999809265137,14.449999809265137,8194
2020-05-11,15.149999618530273,15.149999618530273,14.100000381469727,14.949999809265137,14.949999809265137,24833
2020-05-12,15.0,15.100000381469727,14.300000190734863,14.5,14.5,18024
2020-05-13,15.199999809265137,15.199999809265137,14.5,15.149999618530273,15.149999618530273,41976
2020-05-14,15.25,15.600000381469727,14.699999809265137,15.449999809265137,15.449999809265137,12513
2020-05-15,15.600000381469727,15.600000381469727,14.699999809265137,14.949999809265137,14.949999809265137,11458
2020-05-18,14.949999809265137,14.949999809265137,14.300000190734863,14.300000190734863,14.300000190734863,10752
2020-05-19,14.100000381469727,14.949999809265137,14.050000190734863,14.350000381469727,14.350000381469727,11929
2020-05-20,14.0,14.5,14.0,14.300000190734863,14.300000190734863,4592
2020-05-21,14.949999809265137,14.949999809265137,14.199999809265137,14.449999809265137,14.449999809265137,8169
2020-05-22,14.600000381469727,14.800000190734863,14.199999809265137,14.649999618530273,14.649999618530273,11164
2020-05-26,14.25,14.550000190734863,14.0,14.350000381469727,14.350000381469727,11208
2020-05-27,14.899999618530273,14.899999618530273,14.050000190734863,14.550000190734863,14.550000190734863,20985
2020-05-28,14.949999809265137,14.949999809265137,14.100000381469727,14.399999618530273,14.399999618530273,15116
2020-05-29,14.399999618530273,14.949999809265137,14.100000381469727,14.350000381469727,14.350000381469727,24077
2020-06-01,14.949999809265137,15.050000190734863,14.699999809265137,14.949999809265137,14.949999809265137,47031
2020-06-02,14.949999809265137,15.649999618530273,14.949999809265137,15.649999618530273,15.649999618530273,82066
2020-06-03,16.0,16.399999618530273,16.0,16.200000762939453,16.200000762939453,60307
2020-06-04,16.299999237060547,16.700000762939453,15.399999618530273,15.699999809265137,15.699999809265137,54146
2020-06-05,15.949999809265137,17.25,15.949999809265137,17.25,17.25,157518
2020-06-08,17.399999618530273,18.200000762939453,15.550000190734863,17.149999618530273,17.149999618530273,144661
2020-06-09,17.200000762939453,17.649999618530273,16.299999237060547,16.5,16.5,77109
2020-06-10,17.399999618530273,17.399999618530273,16.100000381469727,16.75,16.75,51888
2020-06-11,17.0,17.5,16.100000381469727,16.299999237060547,16.299999237060547,66393
2020-06-12,15.5,16.5,15.100000381469727,16.0,16.0,65294
2020-06-15,16.0,16.899999618530273,15.449999809265137,16.200000762939453,16.200000762939453,56821
2020-06-16,16.700000762939453,17.399999618530273,16.0,16.149999618530273,16.149999618530273,152767
2020-06-17,15.899999618530273,16.700000762939453,15.800000190734863,16.5,16.5,40985
2020-06-18,17.200000762939453,17.399999618530273,14.850000381469727,17.0,17.0,141915
2020-06-19,17.5,17.600000381469727,16.600000381469727,16.950000762939453,16.950000762939453,84378
2020-06-22,17.75,18.600000381469727,17.25,18.600000381469727,18.600000381469727,186733
2020-06-23,19.450000762939453,20.450000762939453,19.299999237060547,20.450000762939453,20.450000762939453,211091
2020-06-24,22.200000762939453,22.450000762939453,22.200000762939453,22.450000762939453,22.450000762939453,210755
2020-06-25,23.549999237060547,23.549999237060547,23.450000762939453,23.549999237060547,23.549999237060547,168035
2020-06-26,24.700000762939453,24.700000762939453,24.700000762939453,24.700000762939453,24.700000762939453,52884
2020-06-29,25.899999618530273,25.899999618530273,23.5,23.5,23.5,268475
2020-06-30,22.350000381469727,22.350000381469727,22.350000381469727,22.350000381469727,22.350000381469727,29265
2020-07-01,21.25,21.25,21.25,21.25,21.25,9963
2020-07-02,20.200000762939453,20.200000762939453,20.200000762939453,20.200000762939453,20.200000762939453,20577
2020-07-03,19.200000762939453,21.200000762939453,19.200000762939453,20.899999618530273,20.899999618530273,190758
2020-07-06,20.799999237060547,20.850000381469727,19.899999618530273,20.0,20.0,88736
2020-07-07,20.0,20.0,19.200000762939453,19.350000381469727,19.350000381469727,44512
2020-07-08,19.350000381469727,19.649999618530273,18.450000762939453,18.799999237060547,18.799999237060547,28846
2020-07-09,18.200000762939453,19.399999618530273,18.200000762939453,19.049999237060547,19.049999237060547,48572
2020-07-10,19.5,19.5,18.25,18.799999237060547,18.799999237060547,31898
2020-07-13,18.549999237060547,19.600000381469727,18.549999237060547,19.200000762939453,19.200000762939453,31552
2020-07-14,19.200000762939453,19.200000762939453,18.350000381469727,18.600000381469727,18.600000381469727,16265
2020-07-15,17.899999618530273,18.950000762939453,17.899999618530273,18.5,18.5,28228
2020-07-16,18.5,18.950000762939453,17.600000381469727,17.850000381469727,17.850000381469727,36008
2020-07-17,17.899999618530273,18.350000381469727,17.5,17.549999237060547,17.549999237060547,43138
2020-07-20,17.549999237060547,18.049999237060547,16.799999237060547,17.649999618530273,17.649999618530273,22300
2020-07-21,17.600000381469727,18.0,17.25,17.75,17.75,22339
2020-07-22,18.049999237060547,18.399999618530273,17.700000762939453,18.0,18.0,23805
2020-07-23,18.0,18.0,17.350000381469727,17.950000762939453,17.950000762939453,32309
2020-07-24,17.950000762939453,17.950000762939453,17.100000381469727,17.700000762939453,17.700000762939453,20098
2020-07-27,18.100000381469727,18.100000381469727,17.350000381469727,17.850000381469727,17.850000381469727,34522
2020-07-28,17.25,17.950000762939453,17.25,17.75,17.75,30143
2020-07-29,17.649999618530273,18.0,17.299999237060547,17.850000381469727,17.850000381469727,22180
2020-07-30,17.950000762939453,17.950000762939453,17.100000381469727,17.5,17.5,22164
2020-07-31,18.350000381469727,18.350000381469727,18.350000381469727,18.350000381469727,18.350000381469727,17211
2020-08-03,19.25,19.25,19.25,19.25,19.25,17794
2020-08-04,20.200000762939453,20.200000762939453,20.200000762939453,20.200000762939453,20.200000762939453,16172
2020-08-05,21.200000762939453,21.200000762939453,19.700000762939453,20.299999237060547,20.299999237060547,106427
2020-08-06,19.299999237060547,20.799999237060547,19.299999237060547,19.450000762939453,19.450000762939453,38894
2020-08-07,19.5,20.0,18.649999618530273,19.75,19.75,22547
2020-08-10,18.799999237060547,19.5,18.799999237060547,19.25,19.25,39239
2020-08-11,19.25,20.200000762939453,19.200000762939453,20.149999618530273,20.149999618530273,81254
2020-08-12,21.0,21.0,19.600000381469727,19.950000762939453,19.950000762939453,33956
2020-08-13,20.0,20.5,19.549999237060547,19.899999618530273,19.899999618530273,19707
2020-08-14,20.850000381469727,20.850000381469727,20.200000762939453,20.850000381469727,20.850000381469727,91112
2020-08-17,21.399999618530273,21.399999618530273,19.899999618530273,20.75,20.75,56532
2020-08-18,21.0,21.0,20.100000381469727,20.549999237060547,20.549999237060547,46212
2020-08-19,20.899999618530273,21.549999237060547,20.200000762939453,21.549999237060547,21.549999237060547,128125
2020-08-20,21.75,22.5,20.899999618530273,22.0,22.0,236985
2020-08-21,22.700000762939453,23.100000381469727,21.600000381469727,22.850000381469727,22.850000381469727,156232
2020-08-24,23.25,23.25,22.200000762939453,22.299999237060547,22.299999237060547,75551
2020-08-25,22.600000381469727,22.799999237060547,21.200000762939453,21.350000381469727,21.350000381469727,69442
2020-08-26,21.549999237060547,22.399999618530273,21.0,21.700000762939453,21.700000762939453,85228
2020-08-27,22.149999618530273,22.149999618530273,21.399999618530273,21.700000762939453,21.700000762939453,50114
2020-08-28,22.25,22.5,21.450000762939453,21.649999618530273,21.649999618530273,76398
2020-08-31,21.649999618530273,22.25,20.600000381469727,20.600000381469727,20.600000381469727,109503
2020-09-01,19.600000381469727,21.399999618530273,19.600000381469727,19.649999618530273,19.649999618530273,55902
2020-09-02,19.549999237060547,19.950000762939453,18.700000762939453,19.049999237060547,19.049999237060547,68673
2020-09-03,19.899999618530273,20.0,19.0,19.299999237060547,19.299999237060547,45576
2020-09-04,19.299999237060547,19.75,18.350000381469727,18.950000762939453,18.950000762939453,46713
2020-09-07,19.25,19.25,18.299999237060547,18.600000381469727,18.600000381469727,53213
2020-09-08,18.600000381469727,19.200000762939453,18.299999237060547,18.5,18.5,30800
2020-09-09,18.049999237060547,18.399999618530273,17.600000381469727,18.100000381469727,18.100000381469727,30847
2020-09-10,18.950000762939453,18.950000762939453,17.549999237060547,17.950000762939453,17.950000762939453,29599
2020-09-11,18.0,18.75,18.0,18.5,18.5,22176
2020-09-14,18.549999237060547,19.399999618530273,18.200000762939453,19.200000762939453,19.200000762939453,47376
2020-09-15,19.649999618530273,19.850000381469727,19.0,19.450000762939453,19.450000762939453,39330
2020-09-16,19.850000381469727,19.850000381469727,19.0,19.25,19.25,25978
2020-09-17,19.5,19.5,18.700000762939453,18.850000381469727,18.850000381469727,16293
2020-09-18,18.850000381469727,19.450000762939453,18.450000762939453,18.649999618530273,18.649999618530273,18147
2020-09-21,18.700000762939453,19.299999237060547,18.0,18.100000381469727,18.100000381469727,29196
2020-09-22,18.0,18.0,17.200000762939453,17.5,17.5,32421
2020-09-23,17.5,18.0,17.100000381469727,17.399999618530273,17.399999618530273,17696
2020-09-24,16.549999237060547,17.450000762939453,16.549999237060547,16.600000381469727,16.600000381469727,38760
2020-09-25,16.700000762939453,17.0,15.850000381469727,16.799999237060547,16.799999237060547,58870
2020-09-28,17.600000381469727,17.600000381469727,16.600000381469727,17.600000381469727,17.600000381469727,54199
2020-09-29,18.299999237060547,18.350000381469727,17.100000381469727,17.450000762939453,17.450000762939453,41266
2020-09-30,17.450000762939453,18.299999237060547,17.450000762939453,18.299999237060547,18.299999237060547,28640
2020-10-01,18.899999618530273,19.200000762939453,18.600000381469727,19.100000381469727,19.100000381469727,68741
2020-10-05,19.200000762939453,19.700000762939453,18.600000381469727,18.75,18.75,30782
2020-10-06,18.75,19.350000381469727,18.5,18.649999618530273,18.649999618530273,37801
2020-10-07,18.700000762939453,19.200000762939453,18.299999237060547,18.600000381469727,18.600000381469727,25876
2020-10-08,18.600000381469727,19.0,18.200000762939453,18.399999618530273,18.399999618530273,20487
2020-10-09,18.5,18.5,18.0,18.25,18.25,23113
2020-10-12,18.200000762939453,18.299999237060547,17.899999618530273,18.100000381469727,18.100000381469727,21220
2020-10-13,18.0,18.799999237060547,17.299999237060547,18.399999618530273,18.399999618530273,19297
2020-10-14,18.799999237060547,19.450000762939453,17.600000381469727,18.5,18.5,67388
2020-10-15,19.200000762939453,19.200000762939453,17.899999618530273,17.950000762939453,17.950000762939453,33022
2020-10-16,18.049999237060547,18.450000762939453,17.899999618530273,18.200000762939453,18.200000762939453,30524
2020-10-19,18.25,18.450000762939453,17.950000762939453,18.25,18.25,25709
2020-10-20,18.450000762939453,18.450000762939453,17.600000381469727,17.899999618530273,17.899999618530273,33795
2020-10-21,18.0,18.0,17.450000762939453,17.649999618530273,17.649999618530273,37117
2020-10-22,17.649999618530273,18.0,17.399999618530273,17.799999237060547,17.799999237060547,20772
2020-10-23,18.299999237060547,18.299999237060547,17.549999237060547,17.950000762939453,17.950000762939453,33486
2020-10-26,18.0,18.100000381469727,17.75,17.850000381469727,17.850000381469727,11026
2020-10-27,17.75,17.899999618530273,17.549999237060547,17.600000381469727,17.600000381469727,16451
2020-10-28,17.450000762939453,17.899999618530273,17.149999618530273,17.299999237060547,17.299999237060547,18898
2020-10-29,17.350000381469727,17.899999618530273,17.0,17.450000762939453,17.450000762939453,35576
2020-10-30,17.700000762939453,17.75,17.149999618530273,17.350000381469727,17.350000381469727,20485
2020-11-02,17.950000762939453,17.950000762939453,17.049999237060547,17.100000381469727,17.100000381469727,22108
2020-11-03,17.200000762939453,18.200000762939453,17.100000381469727,17.5,17.5,22571
2020-11-04,17.450000762939453,17.5,17.100000381469727,17.149999618530273,17.149999618530273,10234
2020-11-05,17.350000381469727,17.549999237060547,17.200000762939453,17.399999618530273,17.399999618530273,22964
2020-11-06,17.200000762939453,17.649999618530273,17.200000762939453,17.299999237060547,17.299999237060547,17143
2020-11-09,17.600000381469727,17.600000381469727,17.149999618530273,17.25,17.25,19533
2020-11-10,17.5,17.600000381469727,17.299999237060547,17.450000762939453,17.450000762939453,15427
2020-11-11,17.549999237060547,19.149999618530273,16.600000381469727,18.700000762939453,18.700000762939453,96118
2020-11-12,19.450000762939453,20.5,18.600000381469727,19.649999618530273,19.649999618530273,476835
2020-11-13,19.600000381469727,20.5,19.0,19.649999618530273,19.649999618530273,179640
2020-11-14,18.75,19.950000762939453,18.75,19.350000381469727,19.350000381469727,19374
2020-11-17,19.850000381469727,21.25,19.200000762939453,21.25,21.25,563390
2020-11-18,20.600000381469727,21.299999237060547,20.0,20.549999237060547,20.549999237060547,228195
2020-11-19,20.5,20.850000381469727,19.649999618530273,20.149999618530273,20.149999618530273,89097
2020-11-20,20.049999237060547,21.649999618530273,19.75,20.549999237060547,20.549999237060547,295158
2020-11-23,20.850000381469727,22.600000381469727,19.850000381469727,22.5,22.5,590862
2020-11-24,23.899999618530273,24.5,22.549999237060547,23.0,23.0,985535
2020-11-25,23.0,23.399999618530273,22.049999237060547,22.149999618530273,22.149999618530273,146683
2020-11-26,22.600000381469727,22.850000381469727,21.549999237060547,22.5,22.5,153584
2020-11-27,24.0,24.0,23.049999237060547,23.399999618530273,23.399999618530273,415397
2020-12-01,23.700000762939453,25.700000762939453,22.899999618530273,25.700000762939453,25.700000762939453,929343
2020-12-02,25.899999618530273,26.0,24.450000762939453,24.700000762939453,24.700000762939453,396129
2020-12-03,24.649999618530273,25.149999618530273,24.100000381469727,24.799999237060547,24.799999237060547,144675
2020-12-04,25.049999237060547,25.149999618530273,24.5,24.549999237060547,24.549999237060547,132450
2020-12-07,24.299999237060547,25.0,24.200000762939453,24.450000762939453,24.450000762939453,101181
2020-12-08,25.149999618530273,25.149999618530273,23.25,23.649999618530273,23.649999618530273,166787
2020-12-09,24.0,24.25,23.549999237060547,23.850000381469727,23.850000381469727,110144
2020-12-10,23.850000381469727,23.850000381469727,22.850000381469727,23.100000381469727,23.100000381469727,72432
2020-12-11,23.100000381469727,23.75,22.600000381469727,22.799999237060547,22.799999237060547,74757
2020-12-14,22.799999237060547,23.399999618530273,22.5,23.049999237060547,23.049999237060547,75148
2020-12-15,23.799999237060547,23.799999237060547,22.200000762939453,23.100000381469727,23.100000381469727,84681
2020-12-16,23.149999618530273,23.950000762939453,23.049999237060547,23.149999618530273,23.149999618530273,101769
2020-12-17,23.149999618530273,23.549999237060547,22.600000381469727,22.75,22.75,74283
2020-12-18,22.950000762939453,23.350000381469727,22.799999237060547,22.899999618530273,22.899999618530273,71727
2020-12-21,23.0,23.450000762939453,21.799999237060547,21.799999237060547,21.799999237060547,93270
2020-12-22,20.799999237060547,21.950000762939453,20.75,21.299999237060547,21.299999237060547,102388
2020-12-23,21.299999237060547,22.350000381469727,21.0,22.350000381469727,22.350000381469727,71689
2020-12-24,23.0,23.0,21.600000381469727,22.0,22.0,74165
2020-12-28,22.0,22.649999618530273,21.899999618530273,22.149999618530273,22.149999618530273,75099
2020-12-29,22.5,22.5,21.200000762939453,21.899999618530273,21.899999618530273,56496
2020-12-30,21.600000381469727,22.350000381469727,21.600000381469727,21.899999618530273,21.899999618530273,47704
2020-12-31,22.299999237060547,22.950000762939453,21.799999237060547,22.950000762939453,22.950000762939453,149753
2021-01-01,23.0,23.399999618530273,21.850000381469727,22.5,22.5,239511
2021-01-04,22.799999237060547,23.549999237060547,22.25,23.450000762939453,23.450000762939453,188581
2021-01-05,23.25,23.700000762939453,23.0,23.25,23.25,142577
2021-01-06,23.700000762939453,23.899999618530273,23.100000381469727,23.5,23.5,139321
2021-01-07,23.700000762939453,24.5,23.5,24.0,24.0,196020
2021-01-08,24.200000762939453,24.600000381469727,23.299999237060547,23.649999618530273,23.649999618530273,97145
2021-01-11,23.649999618530273,24.799999237060547,22.600000381469727,23.100000381469727,23.100000381469727,150021
2021-01-12,23.25,24.200000762939453,23.049999237060547,23.450000762939453,23.450000762939453,129090
2021-01-13,23.049999237060547,24.0,23.049999237060547,23.200000762939453,23.200000762939453,93035
2021-01-14,23.649999618530273,23.649999618530273,23.100000381469727,23.299999237060547,23.299999237060547,39821
2021-01-15,23.649999618530273,23.649999618530273,22.649999618530273,22.850000381469727,22.850000381469727,46552
2021-01-18,22.899999618530273,23.399999618530273,22.100000381469727,22.299999237060547,22.299999237060547,58529
2021-01-19,22.5,23.299999237060547,22.200000762939453,22.850000381469727,22.850000381469727,73211
2021-01-20,23.299999237060547,23.299999237060547,22.399999618530273,22.450000762939453,22.450000762939453,76996
2021-01-21,22.399999618530273,22.700000762939453,22.049999237060547,22.350000381469727,22.350000381469727,61370
2021-01-22,22.350000381469727,22.350000381469727,21.600000381469727,21.649999618530273,21.649999618530273,46975
2021-01-25,21.700000762939453,22.0,20.700000762939453,20.850000381469727,20.850000381469727,47778
2021-01-27,21.149999618530273,21.149999618530273,20.149999618530273,20.25,20.25,39503
2021-01-28,20.200000762939453,21.25,19.75,21.25,21.25,98807
2021-01-29,21.600000381469727,21.75,20.899999618530273,21.0,21.0,47553
2021-02-01,21.5,21.75,20.899999618530273,21.299999237060547,21.299999237060547,43820
2021-02-02,21.850000381469727,21.850000381469727,20.950000762939453,21.049999237060547,21.049999237060547,50995
2021-02-03,21.299999237060547,21.299999237060547,20.649999618530273,21.049999237060547,21.049999237060547,55276
2021-02-04,21.049999237060547,21.049999237060547,20.799999237060547,20.899999618530273,20.899999618530273,60088
2021-02-05,22.700000762939453,22.950000762939453,22.25,22.950000762939453,22.950000762939453,234432
2021-02-08,23.899999618530273,24.200000762939453,22.700000762939453,23.049999237060547,23.049999237060547,199290
2021-02-09,23.049999237060547,23.100000381469727,22.100000381469727,22.450000762939453,22.450000762939453,73088
2021-02-10,22.299999237060547,22.950000762939453,22.0,22.200000762939453,22.200000762939453,64729
2021-02-11,22.899999618530273,23.049999237060547,21.299999237060547,21.649999618530273,21.649999618530273,133349
2021-02-12,21.399999618530273,21.899999618530273,21.299999237060547,21.399999618530273,21.399999618530273,61496
2021-02-15,20.899999618530273,22.299999237060547,20.899999618530273,21.700000762939453,21.700000762939453,76770
2021-02-16,21.5,22.049999237060547,21.0,21.75,21.75,52309
2021-02-17,21.899999618530273,22.200000762939453,21.299999237060547,21.799999237060547,21.799999237060547,72368
2021-02-18,21.649999618530273,22.299999237060547,21.649999618530273,21.950000762939453,21.950000762939453,63681
2021-02-19,21.799999237060547,22.200000762939453,21.5,21.649999618530273,21.649999618530273,50299
2021-02-22,21.600000381469727,21.799999237060547,20.549999237060547,20.850000381469727,20.850000381469727,67925
2021-02-23,21.0,21.200000762939453,20.600000381469727,20.799999237060547,20.799999237060547,65963
2021-02-24,21.0,21.649999618530273,20.049999237060547,20.700000762939453,20.700000762939453,64328
2021-02-25,21.0,21.799999237060547,20.950000762939453,21.100000381469727,21.100000381469727,106409
2021-02-26,20.700000762939453,22.0,20.649999618530273,21.0,21.0,135440
2021-03-01,21.350000381469727,21.700000762939453,20.649999618530273,21.0,21.0,94577
2021-03-02,21.600000381469727,23.100000381469727,20.75,23.100000381469727,23.100000381469727,197060
2021-03-03,24.100000381469727,25.399999618530273,23.049999237060547,25.350000381469727,25.350000381469727,1186036
2021-03-04,24.850000381469727,26.450000762939453,23.600000381469727,25.549999237060547,25.549999237060547,600714
2021-03-05,25.899999618530273,28.100000381469727,24.149999618530273,28.100000381469727,28.100000381469727,895332
2021-03-08,28.5,29.5,27.100000381469727,27.950000762939453,27.950000762939453,841200
2021-03-09,28.100000381469727,28.899999618530273,26.799999237060547,27.049999237060547,27.049999237060547,315697
2021-03-10,27.75,27.75,26.549999237060547,26.649999618530273,26.649999618530273,116906
2021-03-12,26.649999618530273,27.950000762939453,26.649999618530273,27.950000762939453,27.950000762939453,292386
2021-03-15,27.850000381469727,28.200000762939453,26.600000381469727,26.950000762939453,26.950000762939453,214256
2021-03-16,27.299999237060547,27.299999237060547,26.0,26.049999237060547,26.049999237060547,89028
2021-03-17,26.5,27.25,26.25,26.549999237060547,26.549999237060547,144755
2021-03-18,27.0,27.0,25.299999237060547,25.399999618530273,25.399999618530273,97305
2021-03-19,25.399999618530273,25.399999618530273,24.149999618530273,24.399999618530273,24.399999618530273,116357
2021-03-22,24.850000381469727,25.600000381469727,24.200000762939453,25.0,25.0,123375
2021-03-23,25.700000762939453,25.700000762939453,24.549999237060547,24.850000381469727,24.850000381469727,98134
2021-03-24,25.0,25.0,23.649999618530273,23.649999618530273,23.649999618530273,81095
2021-03-25,23.149999618530273,23.850000381469727,22.5,22.5,22.5,120632
2021-03-26,22.950000762939453,23.600000381469727,21.399999618530273,21.75,21.75,215482
2021-03-30,22.200000762939453,22.600000381469727,21.950000762939453,22.299999237060547,22.299999237060547,139267
2021-03-31,21.75,23.0,21.75,22.75,22.75,47571
2021-04-01,22.75,23.850000381469727,22.75,23.850000381469727,23.850000381469727,65625
2021-04-05,23.850000381469727,23.850000381469727,22.850000381469727,23.450000762939453,23.450000762939453,76252
2021-04-06,24.5,24.5,23.0,23.100000381469727,23.100000381469727,62467
2021-04-07,23.100000381469727,23.700000762939453,23.100000381469727,23.200000762939453,23.200000762939453,33742
2021-04-08,24.299999237060547,24.549999237060547,21.200000762939453,23.399999618530273,23.399999618530273,94139
2021-04-09,23.850000381469727,23.850000381469727,23.100000381469727,23.350000381469727,23.350000381469727,45086
2021-04-12,23.200000762939453,23.200000762939453,21.549999237060547,21.850000381469727,21.850000381469727,77731
2021-04-13,22.299999237060547,22.600000381469727,21.850000381469727,22.450000762939453,22.450000762939453,41685
2021-04-15,22.049999237060547,23.149999618530273,21.899999618530273,22.350000381469727,22.350000381469727,37242
2021-04-16,22.850000381469727,23.200000762939453,22.450000762939453,22.899999618530273,22.899999618530273,43282
2021-04-19,22.5,23.0,22.0,22.350000381469727,22.350000381469727,78492
2021-04-20,22.450000762939453,24.549999237060547,22.200000762939453,24.549999237060547,24.549999237060547,167064
2021-04-22,25.950000762939453,27.0,25.399999618530273,27.0,27.0,498427
2021-04-23,28.799999237060547,29.700000762939453,26.450000762939453,29.700000762939453,29.700000762939453,794258
2021-04-26,31.149999618530273,31.149999618530273,31.149999618530273,31.149999618530273,31.149999618530273,70708
2021-04-27,32.70000076293945,32.70000076293945,32.70000076293945,32.70000076293945,32.70000076293945,46365
2021-04-28,34.29999923706055,34.29999923706055,34.29999923706055,34.29999923706055,34.29999923706055,93941
2021-04-29,36.0,36.0,36.0,36.0,36.0,119852
2021-04-30,34.54999923706055,37.79999923706055,34.20000076293945,34.20000076293945,34.20000076293945,1396601
2021-05-03,32.650001525878906,34.5,32.5,32.5,32.5,351477
2021-05-04,33.20000076293945,33.95000076293945,30.899999618530273,30.899999618530273,30.899999618530273,236167
2021-05-05,31.0,31.0,29.399999618530273,29.399999618530273,29.399999618530273,192377
2021-05-06,28.75,30.850000381469727,28.25,30.850000381469727,30.850000381469727,160245
2021-05-07,32.29999923706055,32.349998474121094,31.5,32.349998474121094,32.349998474121094,102508
2021-05-10,33.95000076293945,33.95000076293945,33.95000076293945,33.95000076293945,33.95000076293945,34707
2021-05-11,34.70000076293945,35.599998474121094,32.29999923706055,35.599998474121094,35.599998474121094,932581
2021-05-12,37.349998474121094,37.349998474121094,37.349998474121094,37.349998474121094,37.349998474121094,93566
2021-05-14,39.20000076293945,39.20000076293945,36.099998474121094,39.20000076293945,39.20000076293945,1620391
2021-05-17,40.25,41.150001525878906,37.25,37.29999923706055,37.29999923706055,894645
2021-05-18,37.400001525878906,38.900001525878906,37.0,37.5,37.5,245706
2021-05-19,37.900001525878906,38.099998474121094,36.04999923706055,36.5,36.5,232706
2021-05-20,37.70000076293945,37.70000076293945,35.0,35.54999923706055,35.54999923706055,189869
2021-05-21,36.5,37.29999923706055,35.650001525878906,37.29999923706055,37.29999923706055,219504
2021-05-24,37.349998474121094,37.900001525878906,36.0,37.0,37.0,233762
2021-05-25,37.5,37.75,36.099998474121094,36.29999923706055,36.29999923706055,143252
2021-05-26,36.0,36.54999923706055,35.0,35.349998474121094,35.349998474121094,165903
2021-05-27,36.20000076293945,36.20000076293945,35.0,35.400001525878906,35.400001525878906,134939
2021-05-28,35.45000076293945,35.900001525878906,34.099998474121094,34.25,34.25,149076
2021-05-31,35.45000076293945,35.54999923706055,34.400001525878906,35.099998474121094,35.099998474121094,180896
2021-06-01,35.099998474121094,35.849998474121094,34.0,34.20000076293945,34.20000076293945,99886
2021-06-02,35.400001525878906,35.400001525878906,33.599998474121094,34.45000076293945,34.45000076293945,66302
2021-06-03,35.5,35.849998474121094,34.150001525878906,35.29999923706055,35.29999923706055,180409
2021-06-04,35.849998474121094,35.849998474121094,34.5,34.650001525878906,34.650001525878906,121240
2021-06-07,35.70000076293945,38.0,35.0,36.599998474121094,36.599998474121094,677243
2021-06-08,37.04999923706055,37.5,35.70000076293945,36.45000076293945,36.45000076293945,133596
2021-06-09,36.0,36.70000076293945,34.0,34.650001525878906,34.650001525878906,210059
2021-06-10,35.79999923706055,37.0,35.0,36.04999923706055,36.04999923706055,220459
2021-06-11,36.75,36.75,35.400001525878906,35.599998474121094,35.599998474121094,179686
2021-06-14,36.900001525878906,36.900001525878906,35.400001525878906,36.25,36.25,297933
2021-06-15,36.5,36.650001525878906,35.0,35.25,35.25,235919
2021-06-16,35.400001525878906,36.650001525878906,34.95000076293945,35.20000076293945,35.20000076293945,293152
2021-06-17,35.20000076293945,35.79999923706055,34.95000076293945,35.150001525878906,35.150001525878906,55338
2021-06-18,35.150001525878906,35.349998474121094,32.900001525878906,33.95000076293945,33.95000076293945,160258
2021-06-21,33.79999923706055,35.54999923706055,32.79999923706055,35.04999923706055,35.04999923706055,144483
2021-06-22,35.5,35.79999923706055,34.599998474121094,34.75,34.75,118557
2021-06-23,35.29999923706055,35.29999923706055,34.0,34.29999923706055,34.29999923706055,109888
2021-06-24,35.900001525878906,37.70000076293945,35.29999923706055,37.70000076293945,37.70000076293945,1537510
2021-06-25,39.79999923706055,41.400001525878906,38.0,38.5,38.5,1843571
2021-06-28,38.5,39.0,37.0,37.650001525878906,37.650001525878906,282755
2021-06-29,37.5,40.400001525878906,36.20000076293945,37.150001525878906,37.150001525878906,1135979
2021-06-30,37.0,37.150001525878906,35.5,35.599998474121094,35.599998474121094,293278
2021-07-01,35.599998474121094,36.45000076293945,35.20000076293945,35.79999923706055,35.79999923706055,163121
2021-07-02,36.0,37.5,35.349998474121094,36.900001525878906,36.900001525878906,260853
2021-07-05,37.70000076293945,39.79999923706055,36.900001525878906,38.95000076293945,38.95000076293945,750080
2021-07-06,39.0,39.400001525878906,37.099998474121094,37.5,37.5,310333
2021-07-07,37.5,38.29999923706055,37.099998474121094,37.95000076293945,37.95000076293945,137145
2021-07-08,38.95000076293945,39.0,36.900001525878906,37.20000076293945,37.20000076293945,200081
2021-07-09,39.0,39.099998474121094,38.099998474121094,38.349998474121094,38.349998474121094,427040
2021-07-12,39.400001525878906,42.150001525878906,38.349998474121094,41.95000076293945,41.95000076293945,1723538
2021-07-13,42.650001525878906,44.0,38.20000076293945,42.0,42.0,914359
2021-07-14,42.0,42.650001525878906,39.900001525878906,40.650001525878906,40.650001525878906,248389
2021-07-15,40.70000076293945,40.849998474121094,38.900001525878906,39.150001525878906,39.150001525878906,173421
2021-07-16,38.900001525878906,42.75,38.900001525878906,41.95000076293945,41.95000076293945,550720
2021-07-19,41.54999923706055,42.400001525878906,40.54999923706055,41.099998474121094,41.099998474121094,210770
2021-07-20,41.099998474121094,41.400001525878906,38.400001525878906,39.54999923706055,39.54999923706055,188009
2021-07-22,39.95000076293945,41.20000076293945,39.349998474121094,39.95000076293945,39.95000076293945,229458
2021-07-23,39.29999923706055,43.900001525878906,39.29999923706055,43.900001525878906,43.900001525878906,807306
2021-07-26,42.849998474121094,43.79999923706055,41.400001525878906,41.599998474121094,41.599998474121094,491105
2021-07-27,41.900001525878906,42.70000076293945,39.5,40.150001525878906,40.150001525878906,255653
2021-07-28,40.5,40.79999923706055,38.0,39.349998474121094,39.349998474121094,267019
2021-07-29,39.75,42.0,38.650001525878906,39.150001525878906,39.150001525878906,215689
2021-07-30,39.400001525878906,40.45000076293945,38.900001525878906,39.25,39.25,134786
2021-08-02,40.0,40.0,39.099998474121094,39.400001525878906,39.400001525878906,84353
2021-08-03,40.0,41.5,39.5,41.0,41.0,412782
2021-08-04,41.0,42.5,39.5,39.70000076293945,39.70000076293945,160579
2021-08-05,40.75,40.75,38.54999923706055,38.75,38.75,128852
2021-08-06,39.25,39.25,37.75,37.900001525878906,37.900001525878906,240338
2021-08-09,37.900001525878906,39.20000076293945,37.20000076293945,37.349998474121094,37.349998474121094,133494
2021-08-10,37.95000076293945,38.25,35.099998474121094,36.04999923706055,36.04999923706055,122364
2021-08-11,36.04999923706055,36.650001525878906,33.25,34.650001525878906,34.650001525878906,150076
2021-08-12,35.400001525878906,36.5,35.0,35.70000076293945,35.70000076293945,63626
2021-08-13,36.04999923706055,37.54999923706055,35.25,36.599998474121094,36.599998474121094,125980
2021-08-16,36.04999923706055,36.45000076293945,34.79999923706055,35.650001525878906,35.650001525878906,57296
2021-08-17,36.29999923706055,36.5,34.400001525878906,34.79999923706055,34.79999923706055,51498
2021-08-18,34.599998474121094,35.0,33.400001525878906,33.900001525878906,33.900001525878906,60493
2021-08-20,33.0,34.400001525878906,32.95000076293945,33.20000076293945,33.20000076293945,62718
2021-08-23,33.349998474121094,33.849998474121094,30.100000381469727,31.200000762939453,31.200000762939453,105841
2021-08-24,31.399999618530273,32.900001525878906,31.100000381469727,32.70000076293945,32.70000076293945,48372
2021-08-25,33.25,33.45000076293945,31.399999618530273,32.150001525878906,32.150001525878906,57853
2021-08-26,31.549999237060547,33.45000076293945,31.549999237060547,32.599998474121094,32.599998474121094,42483
2021-08-27,34.0,35.849998474121094,33.5,35.849998474121094,35.849998474121094,272916
2021-08-30,39.400001525878906,39.400001525878906,39.400001525878906,39.400001525878906,39.400001525878906,67890
2021-08-31,43.29999923706055,43.29999923706055,43.29999923706055,43.29999923706055,43.29999923706055,135417
2021-09-01,45.45000076293945,45.45000076293945,45.45000076293945,45.45000076293945,45.45000076293945,94226
2021-09-02,47.70000076293945,47.70000076293945,47.70000076293945,47.70000076293945,47.70000076293945,95395
2021-09-03,50.04999923706055,50.04999923706055,47.70000076293945,50.04999923706055,50.04999923706055,2423905
2021-09-06,52.54999923706055,52.54999923706055,52.54999923706055,52.54999923706055,52.54999923706055,60462
2021-09-07,55.150001525878906,55.150001525878906,55.150001525878906,55.150001525878906,55.150001525878906,84934
2021-09-08,57.900001525878906,57.900001525878906,55.5,57.900001525878906,57.900001525878906,846218
2021-09-09,60.75,60.75,60.75,60.75,60.75,104847
2021-09-13,63.75,63.75,63.75,63.75,63.75,39756
2021-09-14,66.9000015258789,66.9000015258789,66.9000015258789,66.9000015258789,66.9000015258789,43636
2021-09-15,70.19999694824219,70.19999694824219,70.19999694824219,70.19999694824219,70.19999694824219,109617
2021-09-16,73.69999694824219,73.69999694824219,73.69999694824219,73.69999694824219,73.69999694824219,75496
2021-09-17,77.3499984741211,77.3499984741211,70.05000305175781,77.3499984741211,77.3499984741211,1274771
2021-09-20,77.3499984741211,81.19999694824219,73.5,81.19999694824219,81.19999694824219,462001
2021-09-21,85.25,85.25,85.25,85.25,85.25,77267
2021-09-22,89.5,89.5,89.5,89.5,89.5,65725
2021-09-23,93.94999694824219,93.94999694824219,93.94999694824219,93.94999694824219,93.94999694824219,44819
2021-09-24,98.5999984741211,98.5999984741211,95.8499984741211,98.5999984741211,98.5999984741211,593401
2021-09-27,103.5,103.5,102.0,103.5,103.5,207313
2021-09-28,108.6500015258789,108.6500015258789,108.6500015258789,108.6500015258789,108.6500015258789,256519
2021-09-29,114.05000305175781,114.05000305175781,109.05000305175781,114.05000305175781,114.05000305175781,412072
2021-09-30,119.75,119.75,119.75,119.75,119.75,76742
2021-10-01,125.69999694824219,125.69999694824219,125.69999694824219,125.69999694824219,125.69999694824219,57774
2021-10-04,131.9499969482422,131.9499969482422,131.9499969482422,131.9499969482422,131.9499969482422,52677
2021-10-05,138.5,138.5,138.5,138.5,138.5,76509
2021-10-06,145.39999389648438,145.39999389648438,142.64999389648438,145.39999389648438,145.39999389648438,413116
2021-10-07,152.64999389648438,152.64999389648438,152.64999389648438,152.64999389648438,152.64999389648438,48972
2021-10-08,160.25,160.25,160.25,160.25,160.25,42032
2021-10-11,168.25,168.25,168.25,168.25,168.25,32340
2021-10-12,176.64999389648438,176.64999389648438,159.85000610351562,159.85000610351562,159.85000610351562,383807
2021-10-13,151.89999389648438,151.89999389648438,151.89999389648438,151.89999389648438,151.89999389648438,44396
2021-10-14,144.35000610351562,144.35000610351562,144.35000610351562,144.35000610351562,144.35000610351562,31962
2021-10-18,137.14999389648438,137.14999389648438,137.14999389648438,137.14999389648438,137.14999389648438,30101
2021-10-19,130.3000030517578,130.3000030517578,130.3000030517578,130.3000030517578,130.3000030517578,14359
2021-10-20,123.80000305175781,123.80000305175781,123.80000305175781,123.80000305175781,123.80000305175781,12205
2021-10-21,117.6500015258789,117.6500015258789,117.6500015258789,117.6500015258789,117.6500015258789,11025
2021-10-22,111.80000305175781,111.80000305175781,111.80000305175781,111.80000305175781,111.80000305175781,26934
2021-10-25,106.25,106.25,106.25,106.25,106.25,14863
2021-10-26,100.94999694824219,100.94999694824219,100.94999694824219,100.94999694824219,100.94999694824219,22729
2021-10-27,95.94999694824219,105.94999694824219,95.94999694824219,105.94999694824219,105.94999694824219,976164
2021-10-28,104.0999984741211,104.0999984741211,100.69999694824219,100.69999694824219,100.69999694824219,167680
2021-10-29,95.69999694824219,95.69999694824219,95.69999694824219,95.69999694824219,95.69999694824219,22492
2021-11-01,90.94999694824219,99.9000015258789,90.94999694824219,94.44999694824219,94.44999694824219,1283866
2021-11-02,89.75,89.75,89.75,89.75,89.75,143632
2021-11-03,85.30000305175781,92.0,85.30000305175781,87.25,87.25,764679
2021-11-04,87.0,87.25,82.9000015258789,82.9000015258789,82.9000015258789,111498
2021-11-08,80.0999984741211,83.69999694824219,78.80000305175781,78.80000305175781,78.80000305175781,465559
2021-11-09,76.05000305175781,82.69999694824219,75.55000305175781,82.69999694824219,82.69999694824219,455809
2021-11-10,84.94999694824219,86.80000305175781,81.0,86.44999694824219,86.44999694824219,368569
2021-11-11,85.94999694824219,88.0,82.1500015258789,82.6500015258789,82.6500015258789,240868
2021-11-12,82.0,82.5999984741211,78.55000305175781,78.55000305175781,78.55000305175781,235850
2021-11-15,77.5999984741211,78.3499984741211,74.6500015258789,74.6500015258789,74.6500015258789,124977
2021-11-16,70.94999694824219,78.3499984741211,70.94999694824219,76.19999694824219,76.19999694824219,460796
2021-11-17,75.9000015258789,75.9000015258789,72.4000015258789,72.4000015258789,72.4000015258789,156077
2021-11-18,70.25,73.9000015258789,68.80000305175781,68.80000305175781,68.80000305175781,149643
2021-11-22,66.19999694824219,68.0,65.4000015258789,65.4000015258789,65.4000015258789,119435
2021-11-23,62.150001525878906,68.6500015258789,62.150001525878906,68.6500015258789,68.6500015258789,286612
2021-11-24,71.4000015258789,72.05000305175781,70.5,72.05000305175781,72.05000305175781,62437
2021-11-25,75.1500015258789,75.6500015258789,68.5,75.6500015258789,75.6500015258789,313125
2021-11-26,74.0,79.4000015258789,73.05000305175781,79.4000015258789,79.4000015258789,264582
2021-11-29,82.9000015258789,82.9000015258789,75.44999694824219,75.44999694824219,75.44999694824219,199309
2021-11-30,71.69999694824219,74.69999694824219,71.69999694824219,71.69999694824219,71.69999694824219,144612
2021-12-01,73.5999984741211,73.5999984741211,68.1500015258789,69.44999694824219,69.44999694824219,109031
2021-12-02,68.9000015258789,71.0,67.05000305175781,69.75,69.75,81135
2021-12-03,69.80000305175781,69.80000305175781,67.0,67.69999694824219,67.69999694824219,89504
2021-12-06,69.4000015258789,70.0,67.19999694824219,67.9000015258789,67.9000015258789,90397
2021-12-07,67.19999694824219,69.0,66.4000015258789,68.75,68.75,84686
2021-12-08,69.80000305175781,72.1500015258789,68.05000305175781,72.1500015258789,72.1500015258789,115781
2021-12-09,74.4000015258789,74.5,72.0,72.19999694824219,72.19999694824219,135833
2021-12-10,70.8499984741211,73.5,70.0,70.75,70.75,83454
2021-12-13,72.0,72.4000015258789,70.05000305175781,70.5,70.5,71196
2021-12-14,70.5,70.5999984741211,68.1500015258789,70.0,70.0,47430
2021-12-15,70.0,73.44999694824219,70.0,72.05000305175781,72.05000305175781,96250
2021-12-16,74.3499984741211,74.3499984741211,70.0,70.5,70.5,50165
2021-12-17,71.69999694824219,71.69999694824219,67.0,67.3499984741211,67.3499984741211,100887
2021-12-20,67.19999694824219,67.19999694824219,64.0,64.05000305175781,64.05000305175781,65598
2021-12-21,61.099998474121094,66.6500015258789,61.099998474121094,64.9000015258789,64.9000015258789,51645
2021-12-22,62.20000076293945,66.6500015258789,62.20000076293945,63.45000076293945,63.45000076293945,85931
2021-12-23,65.8499984741211,66.0,64.0999984741211,65.69999694824219,65.69999694824219,55746
2021-12-24,65.19999694824219,65.94999694824219,63.400001525878906,63.900001525878906,63.900001525878906,36646
2021-12-27,64.0999984741211,64.0999984741211,61.5,62.150001525878906,62.150001525878906,84073
2021-12-28,62.20000076293945,65.25,62.150001525878906,65.25,65.25,107847
2021-12-29,68.5,68.5,68.5,68.5,68.5,40856
2021-12-30,71.4000015258789,71.9000015258789,65.55000305175781,71.9000015258789,71.9000015258789,205294
2021-12-31,74.0,75.44999694824219,73.55000305175781,75.44999694824219,75.44999694824219,152932
2022-01-03,77.69999694824219,77.69999694824219,72.05000305175781,73.75,73.75,216351
2022-01-04,73.9000015258789,75.44999694824219,71.0,71.55000305175781,71.55000305175781,194530
2022-01-05,70.25,71.94999694824219,68.75,69.75,69.75,140929
2022-01-06,71.5,73.19999694824219,70.05000305175781,73.19999694824219,73.19999694824219,195974
2022-01-07,76.80000305175781,76.8499984741211,71.05000305175781,71.55000305175781,71.55000305175781,386647
2022-01-10,72.0,72.44999694824219,69.5999984741211,70.0,70.0,208269
2022-01-11,69.8499984741211,70.94999694824219,69.05000305175781,69.44999694824219,69.44999694824219,109696
2022-01-12,70.0,70.0,67.25,67.94999694824219,67.94999694824219,159881
2022-01-13,67.05000305175781,69.19999694824219,66.80000305175781,67.1500015258789,67.1500015258789,187020
2022-01-14,67.94999694824219,68.80000305175781,63.79999923706055,64.4000015258789,64.4000015258789,393705
2022-01-17,64.4000015258789,67.5999984741211,64.25,67.5999984741211,67.5999984741211,192984
2022-01-18,69.5,70.55000305175781,65.5999984741211,66.6500015258789,66.6500015258789,286116
2022-01-19,66.0,68.8499984741211,65.69999694824219,68.0999984741211,68.0999984741211,132341
2022-01-20,68.8499984741211,68.8499984741211,66.19999694824219,67.05000305175781,67.05000305175781,100421
2022-01-21,67.55000305175781,67.55000305175781,65.25,65.80000305175781,65.80000305175781,83820
2022-01-24,65.8499984741211,66.94999694824219,62.54999923706055,62.79999923706055,62.79999923706055,183946
2022-01-25,62.54999923706055,65.9000015258789,60.75,65.80000305175781,65.80000305175781,153713
2022-01-27,67.94999694824219,67.94999694824219,63.900001525878906,66.19999694824219,66.19999694824219,122517
2022-01-28,65.30000305175781,67.55000305175781,65.0,65.1500015258789,65.1500015258789,88095
2022-01-31,66.05000305175781,67.0,63.5,64.05000305175781,64.05000305175781,93571
2022-02-01,65.30000305175781,65.69999694824219,63.650001525878906,64.4000015258789,64.4000015258789,89201
2022-02-02,64.5,67.5999984741211,64.5,65.80000305175781,65.80000305175781,210893
2022-02-03,67.4000015258789,67.4000015258789,65.19999694824219,65.44999694824219,65.44999694824219,85193
2022-02-04,66.0,66.44999694824219,64.05000305175781,64.4000015258789,64.4000015258789,73137
2022-02-07,65.6500015258789,65.6500015258789,63.599998474121094,64.05000305175781,64.05000305175781,59256
2022-02-08,64.80000305175781,64.9000015258789,61.900001525878906,62.599998474121094,62.599998474121094,114195
2022-02-09,62.20000076293945,64.3499984741211,62.20000076293945,63.04999923706055,63.04999923706055,80883
2022-02-10,62.900001525878906,64.44999694824219,62.5,62.900001525878906,62.900001525878906,100419
2022-02-11,62.900001525878906,63.29999923706055,61.849998474121094,62.04999923706055,62.04999923706055,61134
2022-02-14,62.099998474121094,62.900001525878906,55.900001525878906,57.54999923706055,57.54999923706055,219027
2022-02-15,58.0,59.54999923706055,53.5,56.5,56.5,176670
2022-02-16,57.650001525878906,62.150001525878906,57.349998474121094,62.150001525878906,62.150001525878906,118746
2022-02-17,65.30000305175781,67.0,62.29999923706055,62.79999923706055,62.79999923706055,387994
2022-02-18,63.349998474121094,64.3499984741211,61.150001525878906,61.95000076293945,61.95000076293945,68538
2022-02-21,61.0,61.900001525878906,57.650001525878906,58.0,58.0,155585
2022-02-22,55.0,57.29999923706055,53.099998474121094,55.70000076293945,55.70000076293945,112742
2022-02-23,57.54999923706055,58.20000076293945,56.400001525878906,56.599998474121094,56.599998474121094,59104
2022-02-24,54.900001525878906,54.900001525878906,50.95000076293945,50.95000076293945,50.95000076293945,249876
2022-02-25,52.0,55.099998474121094,51.650001525878906,52.900001525878906,52.900001525878906,96461
2022-02-28,53.0,54.95000076293945,51.599998474121094,53.79999923706055,53.79999923706055,85756
2022-03-02,53.5,54.70000076293945,51.95000076293945,54.150001525878906,54.150001525878906,62599
2022-03-03,54.79999923706055,56.29999923706055,54.099998474121094,54.400001525878906,54.400001525878906,48767
2022-03-04,53.95000076293945,54.5,52.54999923706055,53.650001525878906,53.650001525878906,54480
2022-03-07,51.0,58.849998474121094,50.5,51.29999923706055,51.29999923706055,112452
2022-03-08,51.79999923706055,53.25,51.0,52.150001525878906,52.150001525878906,77413
2022-03-09,53.0,57.349998474121094,53.0,56.95000076293945,56.95000076293945,165220
2022-03-10,59.79999923706055,60.900001525878906,55.04999923706055,55.849998474121094,55.849998474121094,135071
2022-03-11,55.900001525878906,58.0,55.79999923706055,57.099998474121094,57.099998474121094,54410
2022-03-14,57.79999923706055,58.20000076293945,55.400001525878906,56.349998474121094,56.349998474121094,58577
2022-03-15,57.099998474121094,57.099998474121094,54.099998474121094,54.849998474121094,54.849998474121094,103710
2022-03-16,55.45000076293945,56.75,54.599998474121094,54.849998474121094,54.849998474121094,89541
2022-03-17,56.20000076293945,60.29999923706055,55.599998474121094,60.29999923706055,60.29999923706055,131023
2022-03-21,64.69999694824219,64.69999694824219,59.20000076293945,61.79999923706055,61.79999923706055,474964
2022-03-22,62.400001525878906,62.400001525878906,60.54999923706055,60.79999923706055,60.79999923706055,97511
2022-03-23,61.29999923706055,62.400001525878906,60.04999923706055,60.75,60.75,136899
2022-03-24,60.349998474121094,66.80000305175781,60.150001525878906,66.80000305175781,66.80000305175781,571853
2022-03-25,69.0,69.0,64.0,64.75,64.75,392354
2022-03-28,65.9000015258789,66.19999694824219,62.25,63.150001525878906,63.150001525878906,147036
2022-03-29,65.44999694824219,65.44999694824219,61.099998474121094,62.0,62.0,148201
2022-03-30,62.099998474121094,64.80000305175781,61.20000076293945,62.150001525878906,62.150001525878906,145377
2022-03-31,64.30000305175781,65.0,62.099998474121094,62.650001525878906,62.650001525878906,170528
2022-04-01,62.650001525878906,68.9000015258789,62.650001525878906,68.9000015258789,68.9000015258789,419641
2022-04-04,70.4000015258789,75.75,69.3499984741211,75.75,75.75,809014
2022-04-05,77.44999694824219,83.30000305175781,76.0,83.30000305175781,83.30000305175781,652419
2022-04-06,86.4000015258789,87.44999694824219,85.30000305175781,87.44999694824219,87.44999694824219,218676
2022-04-07,91.80000305175781,91.80000305175781,83.0999984741211,83.0999984741211,83.0999984741211,1322803
2022-04-08,78.94999694824219,82.0,78.94999694824219,78.94999694824219,78.94999694824219,990619
2022-04-11,78.0,82.0,76.80000305175781,78.30000305175781,78.30000305175781,397530
2022-04-12,78.5999984741211,80.19999694824219,77.0,78.8499984741211,78.8499984741211,201007
2022-04-13,81.4000015258789,82.0999984741211,77.4000015258789,78.30000305175781,78.30000305175781,259004
2022-04-18,80.0,80.44999694824219,76.94999694824219,78.0,78.0,174133
2022-04-19,79.80000305175781,79.80000305175781,74.0999984741211,75.25,75.25,137665
2022-04-20,75.25,79.0,74.4000015258789,76.3499984741211,76.3499984741211,114300
2022-04-21,77.4000015258789,78.94999694824219,76.5,77.19999694824219,77.19999694824219,100045
2022-04-22,76.9000015258789,81.05000305175781,76.05000305175781,80.55000305175781,80.55000305175781,395859
2022-04-25,80.4000015258789,81.0999984741211,77.05000305175781,78.25,78.25,206807
2022-04-26,80.0,81.4000015258789,77.1500015258789,78.1500015258789,78.1500015258789,174068
2022-04-27,78.0,79.0,75.9000015258789,76.80000305175781,76.80000305175781,107425
2022-04-28,76.80000305175781,77.94999694824219,75.44999694824219,76.0,76.0,79891
2022-04-29,76.69999694824219,77.55000305175781,74.25,74.69999694824219,74.69999694824219,81162
2022-05-02,74.69999694824219,74.69999694824219,71.05000305175781,71.8499984741211,71.8499984741211,75694
2022-05-04,72.0999984741211,74.9000015258789,68.55000305175781,69.9000015258789,69.9000015258789,92220
2022-05-05,72.0,72.0,69.5,70.69999694824219,70.69999694824219,63902
2022-05-06,70.0,70.0,67.25,68.05000305175781,68.05000305175781,117009
2022-05-09,66.19999694824219,67.5999984741211,65.6500015258789,66.1500015258789,66.1500015258789,85453
2022-05-10,65.0,68.69999694824219,63.0,63.849998474121094,63.849998474121094,88865
2022-05-11,63.95000076293945,65.55000305175781,60.70000076293945,61.150001525878906,61.150001525878906,126163
2022-05-12,62.0,63.25,58.099998474121094,59.599998474121094,59.599998474121094,102758
2022-05-13,60.20000076293945,62.54999923706055,60.20000076293945,62.54999923706055,62.54999923706055,48911
2022-05-16,64.6500015258789,65.6500015258789,63.650001525878906,65.6500015258789,65.6500015258789,101268
2022-05-17,67.9000015258789,68.4000015258789,65.6500015258789,67.44999694824219,67.44999694824219,60550
2022-05-18,68.80000305175781,69.80000305175781,67.55000305175781,68.3499984741211,68.3499984741211,131223
2022-05-19,65.55000305175781,67.44999694824219,64.94999694824219,65.0,65.0,52703
2022-05-20,65.5,68.0,65.0,66.94999694824219,66.94999694824219,47567
2022-05-23,67.30000305175781,68.0,65.0,65.25,65.25,46692
2022-05-24,65.94999694824219,66.4000015258789,63.0,63.400001525878906,63.400001525878906,29654
2022-05-25,63.599998474121094,64.94999694824219,60.25,60.79999923706055,60.79999923706055,48333
2022-05-26,60.0,62.349998474121094,57.79999923706055,61.20000076293945,61.20000076293945,57039
2022-05-27,63.20000076293945,64.25,61.5,62.75,62.75,68547
2022-05-30,64.3499984741211,64.3499984741211,62.0,63.650001525878906,63.650001525878906,48693
2022-05-31,64.0,66.80000305175781,64.0,66.80000305175781,66.80000305175781,72115
2022-06-01,69.0,69.0,66.25,66.5999984741211,66.5999984741211,69049
2022-06-02,68.4000015258789,68.4000015258789,63.29999923706055,63.45000076293945,63.45000076293945,240583
2022-06-03,64.75,64.75,62.04999923706055,63.29999923706055,63.29999923706055,39504
2022-06-06,63.0,64.80000305175781,62.70000076293945,64.0999984741211,64.0999984741211,14062
2022-06-07,64.0999984741211,64.0999984741211,61.70000076293945,61.95000076293945,61.95000076293945,48302
2022-06-08,62.0,63.650001525878906,61.04999923706055,61.5,61.5,38721
2022-06-09,61.5,64.55000305175781,60.79999923706055,64.55000305175781,64.55000305175781,40929
2022-06-10,65.0,67.75,65.0,67.75,67.75,206042
2022-06-13,67.80000305175781,67.80000305175781,64.4000015258789,64.4000015258789,64.4000015258789,144692
2022-06-14,62.0,64.05000305175781,61.20000076293945,61.349998474121094,61.349998474121094,78618
2022-06-15,61.95000076293945,64.4000015258789,58.29999923706055,58.29999923706055,58.29999923706055,350634
2022-06-16,59.849998474121094,60.29999923706055,55.400001525878906,55.45000076293945,55.45000076293945,122377
2022-06-17,55.0,56.849998474121094,53.5,55.95000076293945,55.95000076293945,77577
2022-06-20,56.900001525878906,58.70000076293945,56.0,58.70000076293945,58.70000076293945,107931
2022-06-21,61.599998474121094,61.599998474121094,61.599998474121094,61.599998474121094,61.599998474121094,24598
2022-06-22,64.6500015258789,64.6500015258789,64.6500015258789,64.6500015258789,64.6500015258789,45660
2022-06-23,67.8499984741211,67.8499984741211,63.400001525878906,64.0999984741211,64.0999984741211,257121
2022-06-24,65.69999694824219,65.69999694824219,63.0,64.8499984741211,64.8499984741211,91654
2022-06-27,65.0999984741211,68.05000305175781,65.0,66.1500015258789,66.1500015258789,121459
2022-06-28,65.25,66.1500015258789,63.349998474121094,64.1500015258789,64.1500015258789,59618
2022-06-29,64.0,64.5,63.0,63.54999923706055,63.54999923706055,29570
2022-06-30,64.5,64.94999694824219,62.0,62.54999923706055,62.54999923706055,36776
2022-07-01,62.95000076293945,64.0,61.20000076293945,62.400001525878906,62.400001525878906,22136
2022-07-04,62.5,64.0,61.5,62.150001525878906,62.150001525878906,40403
2022-07-05,62.099998474121094,64.0,62.099998474121094,63.0,63.0,28399
2022-07-06,63.0,63.79999923706055,61.5,62.45000076293945,62.45000076293945,34166
2022-07-07,62.0,63.849998474121094,62.0,63.0,63.0,14957
2022-07-08,63.79999923706055,64.0,62.25,62.75,62.75,29624
2022-07-11,63.20000076293945,64.19999694824219,61.5,63.95000076293945,63.95000076293945,44916
2022-07-12,63.900001525878906,65.5,63.5,64.4000015258789,64.4000015258789,51095
2022-07-13,65.5,67.5999984741211,63.650001525878906,67.5999984741211,67.5999984741211,153016
2022-07-14,70.94999694824219,70.94999694824219,70.94999694824219,70.94999694824219,70.94999694824219,169404
2022-07-15,72.9000015258789,72.9000015258789,67.6500015258789,70.1500015258789,70.1500015258789,187014
2022-07-18,70.05000305175781,71.9000015258789,68.0,69.0999984741211,69.0999984741211,73623
2022-07-19,68.1500015258789,71.55000305175781,68.1500015258789,69.19999694824219,69.19999694824219,71931
2022-07-20,70.05000305175781,70.8499984741211,67.30000305175781,67.80000305175781,67.80000305175781,52505
2022-07-21,68.0,68.80000305175781,67.55000305175781,67.75,67.75,38773
2022-07-22,67.75,69.94999694824219,67.75,68.6500015258789,68.6500015258789,59406
2022-07-25,69.9000015258789,69.9000015258789,66.75,68.5,68.5,67711
2022-07-26,69.1500015258789,69.1500015258789,67.05000305175781,67.25,67.25,30436
2022-07-27,67.0999984741211,67.5,66.5,66.75,66.75,23407
2022-07-28,67.0,67.05000305175781,65.05000305175781,65.5999984741211,65.5999984741211,35652
2022-07-29,66.0,67.8499984741211,65.1500015258789,66.1500015258789,66.1500015258789,42756
2022-08-01,66.1500015258789,68.0999984741211,66.1500015258789,67.05000305175781,67.05000305175781,33768
2022-08-02,67.4000015258789,69.5,67.0,68.75,68.75,48628
2022-08-03,69.0,70.0999984741211,67.55000305175781,68.0,68.0,88096
2022-08-04,69.44999694824219,69.8499984741211,67.4000015258789,68.25,68.25,56813
2022-08-05,68.5999984741211,69.44999694824219,67.5,67.80000305175781,67.80000305175781,53529
2022-08-08,67.80000305175781,74.55000305175781,67.80000305175781,74.55000305175781,74.55000305175781,383734
2022-08-10,75.0,78.3499984741211,70.19999694824219,74.9000015258789,74.9000015258789,467543
2022-08-11,76.4000015258789,78.80000305175781,75.0,76.8499984741211,76.8499984741211,134662
2022-08-12,74.4000015258789,74.4000015258789,69.25,69.94999694824219,69.94999694824219,348199
2022-08-16,71.9000015258789,72.0,70.5,70.9000015258789,70.9000015258789,44668
2022-08-17,71.9000015258789,71.9000015258789,69.80000305175781,70.0999984741211,70.0999984741211,84597
2022-08-18,70.0999984741211,72.44999694824219,69.80000305175781,70.6500015258789,70.6500015258789,130018
2022-08-19,70.6500015258789,71.80000305175781,69.0999984741211,69.75,69.75,57923
2022-08-22,69.0,69.0,66.94999694824219,67.0999984741211,67.0999984741211,123846
2022-08-23,66.8499984741211,72.9000015258789,64.69999694824219,70.19999694824219,70.19999694824219,108592
2022-08-24,70.94999694824219,71.94999694824219,69.0,69.80000305175781,69.80000305175781,70820
2022-08-25,70.0,71.80000305175781,69.0999984741211,69.94999694824219,69.94999694824219,56349
2022-08-26,70.8499984741211,71.25,69.0,69.19999694824219,69.19999694824219,56044
2022-08-29,66.30000305175781,69.55000305175781,66.30000305175781,68.6500015258789,68.6500015258789,69180
2022-08-30,69.94999694824219,70.30000305175781,68.1500015258789,68.4000015258789,68.4000015258789,87772
2022-09-01,68.94999694824219,69.30000305175781,67.0999984741211,68.0,68.0,56983
2022-09-02,69.19999694824219,70.9000015258789,68.25,69.30000305175781,69.30000305175781,110686
2022-09-05,69.30000305175781,70.19999694824219,68.55000305175781,69.75,69.75,65308
2022-09-06,70.0,72.94999694824219,70.0,71.30000305175781,71.30000305175781,120786
2022-09-07,71.30000305175781,73.80000305175781,71.05000305175781,72.0,72.0,108383
2022-09-08,72.9000015258789,75.9000015258789,72.0,74.19999694824219,74.19999694824219,182689
2022-09-09,75.8499984741211,76.19999694824219,72.0,73.3499984741211,73.3499984741211,170975
2022-09-12,73.5,73.8499984741211,71.0999984741211,71.5999984741211,71.5999984741211,109255
2022-09-13,71.5999984741211,78.75,71.5999984741211,76.44999694824219,76.44999694824219,863390
2022-09-14,74.75,84.05000305175781,74.44999694824219,84.05000305175781,84.05000305175781,866357
2022-09-15,87.94999694824219,89.6500015258789,82.25,83.0,83.0,1005998
2022-09-16,82.5999984741211,83.6500015258789,76.8499984741211,77.8499984741211,77.8499984741211,375020
2022-09-19,77.8499984741211,83.30000305175781,75.94999694824219,76.25,76.25,168125
2022-09-20,76.94999694824219,78.5,74.5999984741211,74.9000015258789,74.9000015258789,160044
2022-09-21,74.9000015258789,76.5,73.8499984741211,74.75,74.75,106574
2022-09-22,74.0,77.75,74.0,74.94999694824219,74.94999694824219,150178
2022-09-23,76.0,76.3499984741211,72.0,72.5999984741211,72.5999984741211,121199
2022-09-26,70.25,71.9000015258789,66.5,68.3499984741211,68.3499984741211,155225
2022-09-27,69.0,69.94999694824219,67.75,68.4000015258789,68.4000015258789,66239
2022-09-28,67.80000305175781,69.9000015258789,66.6500015258789,67.30000305175781,67.30000305175781,61174
2022-09-29,69.0,69.69999694824219,65.6500015258789,66.9000015258789,66.9000015258789,127399
2022-09-30,66.9000015258789,68.5,65.75,68.0,68.0,102423
2022-10-03,67.75,69.94999694824219,67.0999984741211,68.5,68.5,39694
2022-10-04,70.0,70.5999984741211,68.69999694824219,69.75,69.75,47373
2022-10-06,71.0,74.9000015258789,70.0,73.9000015258789,73.9000015258789,206626
2022-10-07,74.30000305175781,75.9000015258789,72.55000305175781,73.0,73.0,91645
2022-10-10,72.55000305175781,74.5,72.0,72.25,72.25,98013
2022-10-11,73.8499984741211,73.8499984741211,69.55000305175781,70.3499984741211,70.3499984741211,56627
2022-10-12,70.0,71.0999984741211,69.05000305175781,70.0999984741211,70.0999984741211,46429
2022-10-13,71.0,71.0,68.0,69.30000305175781,69.30000305175781,61452
2022-10-14,71.0,74.4000015258789,70.1500015258789,71.0999984741211,71.0999984741211,211606
2022-10-17,71.9000015258789,71.9000015258789,69.4000015258789,69.75,69.75,39638
2022-10-18,71.6500015258789,76.80000305175781,69.9000015258789,73.55000305175781,73.55000305175781,359297
2022-10-19,74.4000015258789,75.0,70.80000305175781,71.75,71.75,108311
2022-10-20,72.0,72.30000305175781,69.75,70.19999694824219,70.19999694824219,109265
2022-10-21,70.05000305175781,75.5999984741211,68.8499984741211,70.5,70.5,223554
2022-10-24,71.3499984741211,73.0,71.0,71.69999694824219,71.69999694824219,35265
2022-10-25,70.6500015258789,72.3499984741211,69.75,70.1500015258789,70.1500015258789,59223
2022-10-27,71.80000305175781,71.8499984741211,69.44999694824219,69.94999694824219,69.94999694824219,95553
2022-10-28,71.0,71.0,67.19999694824219,68.94999694824219,68.94999694824219,152074
2022-10-31,69.30000305175781,70.0,68.4000015258789,68.80000305175781,68.80000305175781,79323
2022-11-01,69.5,71.0,68.8499984741211,70.05000305175781,70.05000305175781,110771
2022-11-02,70.05000305175781,70.94999694824219,69.5999984741211,70.25,70.25,49591
2022-11-03,69.9000015258789,70.9000015258789,68.55000305175781,69.3499984741211,69.3499984741211,57327
2022-11-04,69.75,69.75,68.5,68.75,68.75,42151
2022-11-07,70.5,70.5,67.6500015258789,68.44999694824219,68.44999694824219,59176
2022-11-09,69.0,69.25,67.5,68.0,68.0,55938
2022-11-10,67.5999984741211,68.8499984741211,66.69999694824219,67.0999984741211,67.0999984741211,57661
2022-11-11,68.80000305175781,68.80000305175781,67.0999984741211,68.1500015258789,68.1500015258789,51623
2022-11-14,69.0,69.0,66.8499984741211,67.30000305175781,67.30000305175781,87134
2022-11-15,67.19999694824219,72.9000015258789,67.0,69.1500015258789,69.1500015258789,91141
2022-11-16,70.0,77.0,69.5,74.0,74.0,1469601
2022-11-17,74.0999984741211,75.69999694824219,72.55000305175781,73.4000015258789,73.4000015258789,389390
2022-11-18,74.30000305175781,74.5,72.05000305175781,72.9000015258789,72.9000015258789,110238
2022-11-21,73.30000305175781,76.25,72.0999984741211,73.9000015258789,73.9000015258789,451204
2022-11-22,74.44999694824219,74.44999694824219,70.94999694824219,71.5999984741211,71.5999984741211,104079
2022-11-23,72.4000015258789,73.5,70.75,71.05000305175781,71.05000305175781,101245
2022-11-24,71.5,72.6500015258789,69.6500015258789,70.55000305175781,70.55000305175781,151433
2022-11-25,70.1500015258789,72.0,70.1500015258789,71.55000305175781,71.55000305175781,95780
2022-11-28,70.69999694824219,75.5999984741211,70.69999694824219,73.94999694824219,73.94999694824219,494030
2022-11-29,74.0,80.5,64.6500015258789,72.30000305175781,72.30000305175781,1644796
2022-11-30,72.55000305175781,74.5,71.6500015258789,72.19999694824219,72.19999694824219,203946
2022-12-01,73.55000305175781,73.75,71.75,72.0999984741211,72.0999984741211,176717
2022-12-02,72.6500015258789,72.6500015258789,71.30000305175781,71.75,71.75,95278
2022-12-05,72.80000305175781,72.80000305175781,71.0,71.3499984741211,71.3499984741211,146556
2022-12-06,71.3499984741211,72.05000305175781,70.30000305175781,71.25,71.25,103716
2022-12-07,71.80000305175781,71.80000305175781,70.05000305175781,70.19999694824219,70.19999694824219,122233
2022-12-08,70.05000305175781,70.9000015258789,70.05000305175781,70.4000015258789,70.4000015258789,57930
2022-12-09,70.5,71.9000015258789,68.5999984741211,69.5,69.5,150698
2022-12-12,69.0999984741211,70.4000015258789,68.69999694824219,69.1500015258789,69.1500015258789,71472
2022-12-13,69.8499984741211,71.0,69.05000305175781,69.69999694824219,69.69999694824219,126157
2022-12-14,70.44999694824219,70.44999694824219,67.4000015258789,67.80000305175781,67.80000305175781,271020
2022-12-15,67.94999694824219,68.94999694824219,66.5,66.94999694824219,66.94999694824219,156037
2022-12-16,66.94999694824219,68.0,65.5,66.05000305175781,66.05000305175781,158262
2022-12-19,66.0999984741211,68.25,64.55000305175781,66.9000015258789,66.9000015258789,136031
2022-12-20,67.55000305175781,68.75,66.4000015258789,67.5999984741211,67.5999984741211,83480
2022-12-21,67.94999694824219,68.1500015258789,63.29999923706055,63.79999923706055,63.79999923706055,235301
2022-12-22,63.900001525878906,65.0999984741211,60.400001525878906,61.0,61.0,235455
2022-12-23,61.099998474121094,61.099998474121094,58.5,58.70000076293945,58.70000076293945,118799
2022-12-26,58.95000076293945,62.45000076293945,58.79999923706055,61.75,61.75,88326
2022-12-27,62.5,63.04999923706055,57.54999923706055,62.04999923706055,62.04999923706055,127774
2022-12-28,62.599998474121094,64.4000015258789,62.04999923706055,63.25,63.25,79783
2022-12-29,63.0,64.0,62.79999923706055,63.349998474121094,63.349998474121094,51041
2022-12-30,63.95000076293945,64.5999984741211,63.0,63.54999923706055,63.54999923706055,61555
2023-01-02,63.150001525878906,65.30000305175781,63.150001525878906,64.55000305175781,64.55000305175781,54195
2023-01-03,64.0,65.0999984741211,64.0,64.19999694824219,64.19999694824219,39703
2023-01-04,64.94999694824219,64.94999694824219,63.25,63.400001525878906,63.400001525878906,31455
2023-01-05,63.849998474121094,64.1500015258789,61.849998474121094,62.400001525878906,62.400001525878906,62661
2023-01-06,63.29999923706055,63.29999923706055,61.25,61.70000076293945,61.70000076293945,52992
2023-01-09,62.400001525878906,63.900001525878906,62.099998474121094,63.04999923706055,63.04999923706055,44252
2023-01-10,63.70000076293945,63.70000076293945,61.650001525878906,61.849998474121094,61.849998474121094,41017
2023-01-11,62.70000076293945,74.19999694824219,62.400001525878906,74.19999694824219,74.19999694824219,2408865
2023-01-12,75.9000015258789,77.1500015258789,69.0,69.8499984741211,69.8499984741211,1944234
2023-01-13,69.4000015258789,77.69999694824219,68.5,73.0999984741211,73.0999984741211,2770332
2023-01-16,73.3499984741211,73.5999984741211,71.0,71.30000305175781,71.30000305175781,230661
2023-01-17,71.5,76.4000015258789,70.0999984741211,73.1500015258789,73.1500015258789,862541
2023-01-18,73.05000305175781,73.55000305175781,70.69999694824219,72.05000305175781,72.05000305175781,203603
2023-01-19,71.55000305175781,72.30000305175781,69.5,69.8499984741211,69.8499984741211,218234
2023-01-20,70.1500015258789,73.1500015258789,68.1500015258789,69.6500015258789,69.6500015258789,360343
2023-01-23,70.0999984741211,72.75,69.6500015258789,71.1500015258789,71.1500015258789,225905
2023-01-24,71.4000015258789,72.5,69.80000305175781,70.0999984741211,70.0999984741211,115739
2023-01-25,70.25,70.25,67.44999694824219,68.05000305175781,68.05000305175781,113648
2023-01-27,68.8499984741211,68.8499984741211,63.900001525878906,65.25,65.25,195037
2023-01-30,65.9000015258789,67.0,62.849998474121094,64.4000015258789,64.4000015258789,130439
2023-01-31,65.0,66.5999984741211,64.4000015258789,65.69999694824219,65.69999694824219,88271
2023-02-01,66.30000305175781,67.5,64.19999694824219,64.6500015258789,64.6500015258789,151606
2023-02-02,64.69999694824219,66.19999694824219,63.75,64.80000305175781,64.80000305175781,91268
2023-02-03,65.19999694824219,65.8499984741211,63.5,64.80000305175781,64.80000305175781,54024
2023-02-06,64.80000305175781,65.4000015258789,63.75,64.6500015258789,64.6500015258789,50477
2023-02-07,65.44999694824219,65.44999694824219,63.650001525878906,64.1500015258789,64.1500015258789,50895
2023-02-08,64.0999984741211,65.30000305175781,63.79999923706055,64.1500015258789,64.1500015258789,70963
2023-02-09,64.05000305175781,64.8499984741211,63.79999923706055,64.1500015258789,64.1500015258789,38612
2023-02-10,64.0,64.80000305175781,63.5,63.900001525878906,63.900001525878906,41111
2023-02-13,64.1500015258789,64.3499984741211,63.349998474121094,63.650001525878906,63.650001525878906,31500
2023-02-14,64.0999984741211,64.0999984741211,61.75,62.150001525878906,62.150001525878906,85807
2023-02-15,61.400001525878906,62.150001525878906,60.04999923706055,60.54999923706055,60.54999923706055,173588
2023-02-16,61.0,62.400001525878906,61.0,61.349998474121094,61.349998474121094,80654
2023-02-17,62.650001525878906,62.650001525878906,61.25,61.5,61.5,41318
2023-02-20,61.04999923706055,62.099998474121094,60.5,60.650001525878906,60.650001525878906,76573
2023-02-21,60.900001525878906,62.45000076293945,60.900001525878906,61.70000076293945,61.70000076293945,60471
2023-02-22,60.5,61.599998474121094,59.29999923706055,60.04999923706055,60.04999923706055,132265
2023-02-23,60.900001525878906,62.29999923706055,60.0,60.400001525878906,60.400001525878906,80209
2023-02-24,60.150001525878906,61.400001525878906,60.150001525878906,60.599998474121094,60.599998474121094,32349
2023-02-27,59.650001525878906,61.0,58.25,59.70000076293945,59.70000076293945,100149
2023-02-28,60.95000076293945,60.95000076293945,58.04999923706055,58.900001525878906,58.900001525878906,37901
2023-03-01,59.099998474121094,60.900001525878906,58.650001525878906,59.29999923706055,59.29999923706055,53612
2023-03-02,59.900001525878906,60.0,58.04999923706055,58.70000076293945,58.70000076293945,61500
2023-03-03,59.599998474121094,60.75,59.150001525878906,59.75,59.75,52595
2023-03-06,60.900001525878906,62.25,60.29999923706055,61.349998474121094,61.349998474121094,45588
2023-03-08,61.349998474121094,61.45000076293945,60.0,60.25,60.25,46532
2023-03-09,60.54999923706055,61.04999923706055,59.70000076293945,59.95000076293945,59.95000076293945,31070
2023-03-10,60.95000076293945,60.95000076293945,59.150001525878906,59.54999923706055,59.54999923706055,32481
2023-03-13,59.20000076293945,59.849998474121094,57.099998474121094,57.29999923706055,57.29999923706055,55804
2023-03-14,57.349998474121094,57.599998474121094,54.25,56.04999923706055,56.04999923706055,75480
2023-03-15,56.900001525878906,57.400001525878906,56.0,56.150001525878906,56.150001525878906,33763
2023-03-16,56.900001525878906,56.900001525878906,54.650001525878906,55.650001525878906,55.650001525878906,45413
2023-03-17,56.849998474121094,56.900001525878906,55.099998474121094,55.599998474121094,55.599998474121094,45655
2023-03-20,55.599998474121094,57.0,54.599998474121094,55.150001525878906,55.150001525878906,34491
2023-03-21,55.849998474121094,56.349998474121094,54.599998474121094,55.45000076293945,55.45000076293945,38133
2023-03-22,56.45000076293945,56.70000076293945,55.29999923706055,55.75,55.75,23137
2023-03-23,55.95000076293945,57.099998474121094,53.95000076293945,54.79999923706055,54.79999923706055,66216
2023-03-24,55.20000076293945,55.54999923706055,52.25,53.45000076293945,53.45000076293945,48225
2023-03-27,53.29999923706055,53.29999923706055,50.5,51.29999923706055,51.29999923706055,72615
2023-03-28,50.70000076293945,51.5,46.70000076293945,48.20000076293945,48.20000076293945,155645
2023-03-29,48.95000076293945,52.79999923706055,48.400001525878906,51.54999923706055,51.54999923706055,160323
2023-03-31,52.5,55.29999923706055,51.29999923706055,52.79999923706055,52.79999923706055,108174
2023-04-03,53.45000076293945,54.29999923706055,52.70000076293945,53.0,53.0,63370
2023-04-05,53.849998474121094,58.099998474121094,53.099998474121094,56.5,56.5,137402
2023-04-06,57.95000076293945,58.099998474121094,56.099998474121094,56.650001525878906,56.650001525878906,67607
2023-04-10,56.20000076293945,57.099998474121094,55.29999923706055,56.04999923706055,56.04999923706055,55341
2023-04-11,56.5,57.349998474121094,55.54999923706055,55.75,55.75,36615
2023-04-12,56.0,56.29999923706055,55.099998474121094,55.29999923706055,55.29999923706055,20263
2023-04-13,55.349998474121094,64.4000015258789,55.349998474121094,62.400001525878906,62.400001525878906,390502
2023-04-17,61.75,61.75,60.0,60.45000076293945,60.45000076293945,92769
2023-04-18,60.650001525878906,60.900001525878906,59.099998474121094,59.5,59.5,44865
2023-04-19,59.5,60.20000076293945,56.599998474121094,57.95000076293945,57.95000076293945,82019
2023-04-20,58.79999923706055,62.29999923706055,58.20000076293945,60.5,60.5,138761
2023-04-21,60.5,63.349998474121094,59.95000076293945,60.25,60.25,116263
2023-04-24,60.25,60.650001525878906,58.349998474121094,59.95000076293945,59.95000076293945,54187
2023-04-25,60.20000076293945,60.79999923706055,59.04999923706055,59.400001525878906,59.400001525878906,37105
2023-04-26,60.099998474121094,66.3499984741211,59.0,64.55000305175781,64.55000305175781,708982
2023-04-27,65.1500015258789,65.25,62.599998474121094,63.29999923706055,63.29999923706055,140983
2023-04-28,64.30000305175781,64.30000305175781,60.25,61.849998474121094,61.849998474121094,120213
2023-05-02,62.0,63.099998474121094,61.849998474121094,62.0,62.0,59327
2023-05-03,62.75,63.400001525878906,61.5,62.099998474121094,62.099998474121094,80283
2023-05-04,62.349998474121094,62.400001525878906,61.04999923706055,61.29999923706055,61.29999923706055,62817
2023-05-05,61.400001525878906,64.25,60.79999923706055,61.5,61.5,167988
2023-05-08,61.29999923706055,62.099998474121094,60.349998474121094,60.70000076293945,60.70000076293945,55970
2023-05-09,60.849998474121094,61.54999923706055,59.20000076293945,60.0,60.0,45286
2023-05-10,60.599998474121094,60.849998474121094,59.5,59.75,59.75,37304
2023-05-11,60.29999923706055,60.70000076293945,59.54999923706055,59.849998474121094,59.849998474121094,36024
2023-05-12,60.349998474121094,61.54999923706055,59.650001525878906,59.79999923706055,59.79999923706055,53811
2023-05-15,61.0,61.0,59.5,60.349998474121094,60.349998474121094,32346
2023-05-16,60.54999923706055,60.599998474121094,58.79999923706055,59.150001525878906,59.150001525878906,49480
2023-05-17,59.79999923706055,60.099998474121094,58.849998474121094,59.45000076293945,59.45000076293945,35717
2023-05-18,59.45000076293945,60.0,58.25,58.79999923706055,58.79999923706055,35765
2023-05-19,60.04999923706055,60.04999923706055,58.0,58.599998474121094,58.599998474121094,31594
2023-05-22,58.79999923706055,59.400001525878906,56.400001525878906,57.650001525878906,57.650001525878906,74752
2023-05-23,57.75,58.900001525878906,57.75,58.150001525878906,58.150001525878906,54023
2023-05-24,58.0,59.400001525878906,57.75,58.849998474121094,58.849998474121094,46778
2023-05-25,59.349998474121094,60.75,58.150001525878906,59.650001525878906,59.650001525878906,80837
2023-05-26,60.04999923706055,60.099998474121094,58.0,58.849998474121094,58.849998474121094,69509
2023-05-29,58.849998474121094,59.70000076293945,58.20000076293945,58.54999923706055,58.54999923706055,30996
2023-05-30,60.95000076293945,62.79999923706055,59.099998474121094,59.54999923706055,59.54999923706055,100867
2023-05-31,59.75,60.900001525878906,58.599998474121094,59.650001525878906,59.650001525878906,80848
2023-06-01,60.099998474121094,62.0,59.54999923706055,60.20000076293945,60.20000076293945,193708
2023-06-02,60.25,61.0,59.45000076293945,60.20000076293945,60.20000076293945,61361
2023-06-05,60.900001525878906,64.19999694824219,60.29999923706055,62.900001525878906,62.900001525878906,446776
2023-06-06,62.04999923706055,64.9000015258789,62.04999923706055,63.79999923706055,63.79999923706055,216743
2023-06-07,64.69999694824219,64.69999694824219,62.20000076293945,63.099998474121094,63.099998474121094,127131
2023-06-08,63.70000076293945,63.70000076293945,61.650001525878906,62.0,62.0,82605
2023-06-09,62.70000076293945,62.70000076293945,60.849998474121094,60.95000076293945,60.95000076293945,62215
2023-06-12,61.70000076293945,63.95000076293945,61.0,61.45000076293945,61.45000076293945,182733
2023-06-13,61.95000076293945,62.5,60.849998474121094,61.25,61.25,85158
2023-06-14,61.599998474121094,65.94999694824219,61.599998474121094,62.650001525878906,62.650001525878906,282694
2023-06-15,63.25,63.5,61.79999923706055,62.099998474121094,62.099998474121094,89863
2023-06-16,62.5,63.0,61.5,61.599998474121094,61.599998474121094,85962
2023-06-19,62.0,62.45000076293945,60.900001525878906,61.54999923706055,61.54999923706055,48371
2023-06-20,62.0,62.29999923706055,60.5,60.79999923706055,60.79999923706055,71227
2023-06-21,60.79999923706055,62.79999923706055,60.650001525878906,60.900001525878906,60.900001525878906,144646
2023-06-22,60.900001525878906,61.599998474121094,58.95000076293945,59.349998474121094,59.349998474121094,86311
2023-06-23,59.75,59.849998474121094,58.5,59.150001525878906,59.150001525878906,64764
2023-06-26,59.900001525878906,59.900001525878906,58.599998474121094,58.900001525878906,58.900001525878906,27791
2023-06-27,59.45000076293945,61.45000076293945,59.150001525878906,60.150001525878906,60.150001525878906,146820
2023-06-28,60.79999923706055,61.0,59.349998474121094,59.5,59.5,51149
2023-06-30,60.0,60.5,59.150001525878906,59.5,59.5,65572
2023-07-03,61.0,61.0,58.79999923706055,59.0,59.0,78653
2023-07-04,59.70000076293945,61.79999923706055,58.95000076293945,60.45000076293945,60.45000076293945,186891
2023-07-05,61.0,61.95000076293945,60.400001525878906,60.75,60.75,110876
2023-07-06,60.79999923706055,61.29999923706055,60.599998474121094,60.900001525878906,60.900001525878906,65882
2023-07-07,60.599998474121094,62.0,60.25,60.54999923706055,60.54999923706055,102539
2023-07-10,60.79999923706055,60.849998474121094,59.20000076293945,59.54999923706055,59.54999923706055,68512
2023-07-11,59.54999923706055,61.0,59.20000076293945,59.70000076293945,59.70000076293945,93934
2023-07-12,60.0,60.5,59.45000076293945,59.54999923706055,59.54999923706055,80199
2023-07-13,60.0,60.349998474121094,58.25,59.150001525878906,59.150001525878906,84098
2023-07-14,59.75,59.75,58.75,59.0,59.0,66716
2023-07-17,59.45000076293945,60.400001525878906,59.0,59.400001525878906,59.400001525878906,75035
2023-07-18,59.75,61.599998474121094,59.150001525878906,60.599998474121094,60.599998474121094,218384
2023-07-19,60.95000076293945,61.5,60.150001525878906,60.29999923706055,60.29999923706055,104296
2023-07-20,60.75,61.0,60.04999923706055,60.20000076293945,60.20000076293945,62544
2023-07-21,60.099998474121094,60.599998474121094,59.5,60.04999923706055,60.04999923706055,68813
2023-07-24,60.79999923706055,60.79999923706055,59.29999923706055,59.70000076293945,59.70000076293945,60583
2023-07-25,59.650001525878906,68.0,59.650001525878906,63.5,63.5,1624233
2023-07-26,63.5,64.44999694824219,62.5,62.95000076293945,62.95000076293945,159418
2023-07-27,63.29999923706055,63.400001525878906,61.599998474121094,61.75,61.75,118378
2023-07-28,61.599998474121094,63.75,61.599998474121094,63.20000076293945,63.20000076293945,152791
2023-07-31,63.29999923706055,65.30000305175781,63.25,64.19999694824219,64.19999694824219,228875
2023-08-01,65.0999984741211,66.0,63.54999923706055,63.95000076293945,63.95000076293945,190825
2023-08-02,64.5999984741211,65.75,62.54999923706055,63.0,63.0,212008
2023-08-03,63.400001525878906,70.69999694824219,63.099998474121094,68.0,68.0,1936276
2023-08-04,68.69999694824219,71.6500015258789,67.80000305175781,68.3499984741211,68.3499984741211,822652
2023-08-07,69.8499984741211,71.3499984741211,67.0999984741211,69.4000015258789,69.4000015258789,469932
2023-08-08,69.9000015258789,70.25,66.94999694824219,67.44999694824219,67.44999694824219,203236
2023-08-09,67.9000015258789,70.0,67.0999984741211,68.3499984741211,68.3499984741211,235179
2023-08-10,68.5,69.80000305175781,67.0999984741211,67.30000305175781,67.30000305175781,144676
2023-08-11,68.05000305175781,68.30000305175781,65.69999694824219,66.3499984741211,66.3499984741211,110327
2023-08-14,67.0,67.6500015258789,64.9000015258789,65.5,65.5,114912
2023-08-16,66.3499984741211,67.9000015258789,65.5,66.05000305175781,66.05000305175781,129755
2023-08-17,66.5,67.80000305175781,66.0999984741211,66.55000305175781,66.55000305175781,75430
2023-08-18,66.8499984741211,66.94999694824219,63.0,63.400001525878906,63.400001525878906,224797
2023-08-21,64.1500015258789,66.25,63.95000076293945,64.6500015258789,64.6500015258789,154319
2023-08-22,65.0,66.69999694824219,64.5999984741211,66.19999694824219,66.19999694824219,116283
2023-08-23,66.5,67.8499984741211,66.0,66.19999694824219,66.19999694824219,112269
2023-08-24,66.94999694824219,66.94999694824219,64.55000305175781,64.9000015258789,64.9000015258789,82897
2023-08-25,64.75,66.5,64.4000015258789,64.8499984741211,64.8499984741211,89237
2023-08-28,65.3499984741211,68.94999694824219,65.0,67.8499984741211,67.8499984741211,384759
2023-08-29,69.0,72.1500015258789,68.4000015258789,70.4000015258789,70.4000015258789,1103426
2023-08-30,70.94999694824219,71.9000015258789,70.0,70.5,70.5,239284
2023-08-31,71.1500015258789,71.30000305175781,69.25,69.9000015258789,69.9000015258789,203970
2023-09-01,71.5,75.80000305175781,70.0999984741211,73.9000015258789,73.9000015258789,1224190
2023-09-04,74.55000305175781,76.9000015258789,74.44999694824219,75.4000015258789,75.4000015258789,409507
2023-09-05,75.94999694824219,75.94999694824219,72.30000305175781,72.94999694824219,72.94999694824219,303818
2023-09-06,73.0,74.80000305175781,71.0,72.5,72.5,290561
2023-09-07,72.94999694824219,74.4000015258789,72.05000305175781,73.4000015258789,73.4000015258789,161164
2023-09-08,74.0999984741211,74.4000015258789,72.0,72.4000015258789,72.4000015258789,135569
2023-09-11,73.5,75.44999694824219,71.25,73.69999694824219,73.69999694824219,351275
2023-09-12,74.80000305175781,75.44999694824219,68.05000305175781,68.94999694824219,68.94999694824219,357745
2023-09-13,69.6500015258789,75.44999694824219,67.55000305175781,73.19999694824219,73.19999694824219,419433
2023-09-14,73.9000015258789,75.19999694824219,72.80000305175781,73.4000015258789,73.4000015258789,233397
2023-09-15,73.55000305175781,88.05000305175781,73.55000305175781,88.05000305175781,88.05000305175781,7304479
2023-09-18,89.94999694824219,90.80000305175781,83.0,83.6500015258789,83.6500015258789,3725698
2023-09-20,83.0,85.5999984741211,80.0,80.55000305175781,80.55000305175781,1116527
2023-09-21,80.75,82.30000305175781,77.5,78.9000015258789,78.9000015258789,645508
2023-09-22,79.0,83.9000015258789,77.8499984741211,82.3499984741211,82.3499984741211,598441
2023-09-25,83.0,85.8499984741211,82.0999984741211,82.6500015258789,82.6500015258789,548756
2023-09-26,82.94999694824219,83.5999984741211,79.69999694824219,80.44999694824219,80.44999694824219,180520
2023-09-27,80.69999694824219,81.5,78.9000015258789,79.3499984741211,79.3499984741211,145785
2023-09-28,79.80000305175781,88.94999694824219,79.55000305175781,84.6500015258789,84.6500015258789,2108204
2023-09-29,85.69999694824219,85.8499984741211,83.44999694824219,84.0,84.0,344126
2023-10-03,83.94999694824219,84.4000015258789,81.25,82.3499984741211,82.3499984741211,245816
2023-10-04,82.4000015258789,83.4000015258789,78.5,80.05000305175781,80.05000305175781,336228
2023-10-05,80.5,81.80000305175781,79.3499984741211,80.1500015258789,80.1500015258789,177750
2023-10-06,80.80000305175781,83.44999694824219,80.25,82.05000305175781,82.05000305175781,357420
2023-10-09,82.0,82.0,74.3499984741211,75.6500015258789,75.6500015258789,373480
2023-10-10,76.0999984741211,78.5,76.0999984741211,77.9000015258789,77.9000015258789,211514
2023-10-11,78.5,82.6500015258789,78.5,81.30000305175781,81.30000305175781,335963
2023-10-12,81.30000305175781,82.5999984741211,79.75,80.55000305175781,80.55000305175781,132299
2023-10-13,80.0,87.4000015258789,79.0,85.5,85.5,977395
2023-10-16,85.5,91.5999984741211,84.5999984741211,88.44999694824219,88.44999694824219,1451256
2023-10-17,89.44999694824219,91.4000015258789,87.0999984741211,87.75,87.75,789409
2023-10-18,88.05000305175781,88.5,84.80000305175781,85.5,85.5,389807
2023-10-19,85.30000305175781,102.5999984741211,84.9000015258789,101.8499984741211,101.8499984741211,5769074
2023-10-20,98.94999694824219,102.5,93.0999984741211,94.0999984741211,94.0999984741211,1772642
2023-10-23,93.9000015258789,95.69999694824219,83.19999694824219,84.75,84.75,1074435
2023-10-25,83.0,87.69999694824219,80.55000305175781,80.80000305175781,80.80000305175781,198322
2023-10-26,80.80000305175781,81.6500015258789,76.80000305175781,80.94999694824219,80.94999694824219,165296
2023-10-27,82.75,84.75,80.94999694824219,83.94999694824219,83.94999694824219,106726
2023-10-30,84.0,87.5,83.0,84.3499984741211,84.3499984741211,107008
2023-10-31,85.75,86.6500015258789,81.0,82.55000305175781,82.55000305175781,108290
2023-11-01,83.0,83.80000305175781,81.5999984741211,82.19999694824219,82.19999694824219,52119
2023-11-02,82.75,84.9000015258789,81.5,82.6500015258789,82.6500015258789,72214
2023-11-03,82.75,84.9000015258789,81.55000305175781,82.3499984741211,82.3499984741211,72812
2023-11-06,82.3499984741211,84.30000305175781,82.0999984741211,83.1500015258789,83.1500015258789,53051
2023-11-07,83.9000015258789,83.94999694824219,80.6500015258789,81.6500015258789,81.6500015258789,115534
2023-11-08,82.0,82.5999984741211,80.0,81.3499984741211,81.3499984741211,77074
2023-11-09,82.44999694824219,82.44999694824219,80.30000305175781,81.4000015258789,81.4000015258789,46597
2023-11-10,81.4000015258789,85.44999694824219,78.1500015258789,85.44999694824219,85.44999694824219,119091
2023-11-13,92.30000305175781,94.1500015258789,88.4000015258789,94.1500015258789,94.1500015258789,393439
2023-11-15,98.8499984741211,98.8499984741211,95.6500015258789,98.5,98.5,424356
2023-11-16,96.55000305175781,96.55000305175781,96.55000305175781,96.55000305175781,96.55000305175781,38123
2023-11-17,94.6500015258789,94.6500015258789,94.6500015258789,94.6500015258789,94.6500015258789,18164
2023-11-20,92.75,92.75,92.75,92.75,92.75,71557
2023-11-21,90.9000015258789,90.9000015258789,90.9000015258789,90.9000015258789,90.9000015258789,91385
2023-11-22,89.0999984741211,89.0999984741211,89.0999984741211,89.0999984741211,89.0999984741211,30110
2023-11-23,87.3499984741211,88.80000305175781,87.3499984741211,87.3499984741211,87.3499984741211,66482
2023-11-24,85.9000015258789,87.3499984741211,85.9000015258789,85.9000015258789,85.9000015258789,43384
2023-11-28,87.5999984741211,87.5999984741211,85.9000015258789,87.5999984741211,87.5999984741211,55170
2023-11-29,87.5999984741211,89.1500015258789,87.5999984741211,87.5999984741211,87.5999984741211,38637
2023-11-30,87.94999694824219,89.3499984741211,87.94999694824219,87.94999694824219,87.94999694824219,29707
2023-12-01,86.19999694824219,87.94999694824219,86.19999694824219,86.19999694824219,86.19999694824219,15633
2023-12-04,85.0,86.0,85.0,85.0,85.0,36726
2023-12-05,83.30000305175781,85.0,83.30000305175781,83.30000305175781,83.30000305175781,33441
2023-12-06,83.30000305175781,83.30000305175781,82.0,83.30000305175781,83.30000305175781,93787
2023-12-07,81.6500015258789,82.0,81.6500015258789,81.6500015258789,81.6500015258789,50238
2023-12-08,81.5999984741211,81.6500015258789,81.5,81.5999984741211,81.5999984741211,62716
2023-12-11,83.19999694824219,83.19999694824219,82.0,83.19999694824219,83.19999694824219,61602
2023-12-12,84.8499984741211,84.8499984741211,84.69999694824219,84.8499984741211,84.8499984741211,39729
2023-12-13,86.5,86.5,86.5,86.5,86.5,56364
2023-12-14,88.0,88.19999694824219,88.0,88.0,88.0,106209
2023-12-15,86.25,87.5,86.25,86.25,86.25,44475
2023-12-18,84.55000305175781,85.0,84.55000305175781,84.55000305175781,84.55000305175781,27724
2023-12-19,83.5,85.0,83.25,83.5,83.5,14666
2023-12-20,81.8499984741211,83.5,81.8499984741211,81.8499984741211,81.8499984741211,34085
2023-12-21,81.05000305175781,81.4000015258789,80.5999984741211,81.05000305175781,81.05000305175781,18314
2023-12-22,82.6500015258789,82.6500015258789,81.0999984741211,82.6500015258789,82.6500015258789,46410
2023-12-26,85.4000015258789,86.75,85.0,86.75,86.75,86530
2023-12-27,88.80000305175781,90.0,85.0,85.4000015258789,85.4000015258789,122426
2023-12-28,83.6500015258789,86.69999694824219,83.5,83.69999694824219,83.69999694824219,91365
2023-12-29,84.4000015258789,86.0,82.19999694824219,85.05000305175781,85.05000305175781,77187
2024-01-01,85.9000015258789,86.75,84.0999984741211,85.75,85.75,40831
2024-01-02,86.9000015258789,86.9000015258789,83.0,85.80000305175781,85.80000305175781,80757
2024-01-03,86.0,88.9000015258789,84.05000305175781,88.5,88.5,143449
2024-01-04,90.5,91.9000015258789,89.0,90.4000015258789,90.4000015258789,138697
2024-01-05,91.0,94.9000015258789,90.4000015258789,94.9000015258789,94.9000015258789,244490
2024-01-08,97.19999694824219,97.44999694824219,90.75,91.8499984741211,91.8499984741211,124552
2024-01-09,91.8499984741211,94.94999694824219,90.0,90.6500015258789,90.6500015258789,71227
2024-01-10,90.6500015258789,91.0,88.0,88.69999694824219,88.69999694824219,139874
2024-01-11,90.0,93.0,86.80000305175781,92.0,92.0,139844
2024-01-12,93.0,93.0,91.0,92.69999694824219,92.69999694824219,106921
2024-01-15,92.69999694824219,92.9000015258789,89.5999984741211,90.19999694824219,90.19999694824219,111787
2024-01-16,91.0,91.3499984741211,86.0,88.4000015258789,88.4000015258789,98754
2024-01-17,88.0,88.25,86.0,86.5,86.5,64155
2024-01-18,85.0,88.44999694824219,83.69999694824219,86.69999694824219,86.69999694824219,47035
2024-01-19,89.80000305175781,91.0,89.0,91.0,91.0,136087
2024-01-23,88.6500015258789,91.0,85.0999984741211,85.5999984741211,85.5999984741211,72132
2024-01-24,84.5,89.5,84.5,88.5999984741211,88.5999984741211,102547
2024-01-25,91.5,93.0,88.0,92.1500015258789,92.1500015258789,144687
2024-01-29,98.0,110.55000305175781,98.0,110.55000305175781,110.55000305175781,2251325
2024-01-30,115.05000305175781,123.8499984741211,108.6500015258789,115.75,115.75,3044635
2024-01-31,115.8499984741211,117.0,111.05000305175781,113.30000305175781,113.30000305175781,487625
2024-02-01,114.55000305175781,115.0999984741211,108.05000305175781,109.69999694824219,109.69999694824219,317556
2024-02-02,112.80000305175781,127.5,112.19999694824219,119.6500015258789,119.6500015258789,1686527
2024-02-05,121.5,121.75,115.80000305175781,117.94999694824219,117.94999694824219,352887
2024-02-06,118.9000015258789,119.0,112.0999984741211,113.8499984741211,113.8499984741211,241001
2024-02-07,114.5,119.69999694824219,114.5,115.6500015258789,115.6500015258789,191094
2024-02-08,116.0,117.0,111.05000305175781,112.30000305175781,112.30000305175781,162729
2024-02-09,113.0999984741211,116.0,105.9000015258789,109.25,109.25,359127
2024-02-12,110.0,111.9000015258789,100.44999694824219,106.30000305175781,106.30000305175781,371758
2024-02-13,107.1500015258789,110.80000305175781,99.0,105.6500015258789,105.6500015258789,355937
2024-02-14,95.0,102.69999694824219,95.0,99.94999694824219,99.94999694824219,669517
2024-02-15,99.9000015258789,107.0,99.9000015258789,105.05000305175781,105.05000305175781,381316
2024-02-16,105.44999694824219,110.30000305175781,102.30000305175781,108.0,108.0,501587
2024-02-19,108.0,112.6500015258789,107.3499984741211,108.0,108.0,236971
2024-02-20,108.0,109.80000305175781,104.0,104.8499984741211,104.8499984741211,238417
2024-02-21,105.44999694824219,107.0,100.0,100.69999694824219,100.69999694824219,320971
2024-02-22,101.0,103.30000305175781,98.25,102.1500015258789,102.1500015258789,198384
2024-02-23,101.6500015258789,107.0,101.1500015258789,103.3499984741211,103.3499984741211,265417
2024-02-26,104.0,106.5,101.0999984741211,104.5999984741211,104.5999984741211,211377
2024-02-27,104.5999984741211,107.8499984741211,101.0,101.5999984741211,101.5999984741211,216291
2024-02-28,102.0999984741211,104.25,94.80000305175781,96.5,96.5,488816
2024-02-29,96.0,103.75,94.94999694824219,100.6500015258789,100.6500015258789,380056
2024-03-01,101.5,103.4000015258789,99.0,99.5,99.5,175236
2024-03-04,100.05000305175781,101.3499984741211,97.19999694824219,97.94999694824219,97.94999694824219,108929
2024-03-05,98.44999694824219,99.80000305175781,95.9000015258789,96.5,96.5,102416
2024-03-06,97.0999984741211,97.94999694824219,92.0,94.25,94.25,229140
2024-03-07,95.19999694824219,96.30000305175781,94.19999694824219,95.0999984741211,95.0999984741211,80756
2024-03-11,95.19999694824219,95.94999694824219,90.69999694824219,91.30000305175781,91.30000305175781,134082
2024-03-12,92.19999694824219,92.19999694824219,85.0,86.1500015258789,86.1500015258789,226905
2024-03-13,86.1500015258789,87.80000305175781,79.05000305175781,80.0,80.0,273878
2024-03-14,80.9000015258789,85.5,79.80000305175781,84.5,84.5,146008
2024-03-15,85.3499984741211,86.94999694824219,82.1500015258789,84.5,84.5,140417
2024-03-18,83.75,87.0,83.0999984741211,84.4000015258789,84.4000015258789,69541
2024-03-19,84.1500015258789,84.9000015258789,81.0999984741211,81.80000305175781,81.80000305175781,226113
2024-03-20,82.0,97.19999694824219,82.0,93.80000305175781,93.80000305175781,4723324
2024-03-21,90.1500015258789,91.69999694824219,87.1500015258789,89.9000015258789,89.9000015258789,1186737
2024-03-22,90.80000305175781,93.5999984741211,89.30000305175781,89.94999694824219,89.94999694824219,478538
2024-03-26,90.8499984741211,91.30000305175781,87.55000305175781,89.44999694824219,89.44999694824219,230244
2024-03-27,90.5,93.0,88.0999984741211,89.30000305175781,89.30000305175781,364434
2024-03-28,89.44999694824219,90.4000015258789,87.0,87.69999694824219,87.69999694824219,283278
2024-04-01,89.19999694824219,93.9000015258789,88.69999694824219,92.05000305175781,92.05000305175781,261149
2024-04-02,93.0999984741211,106.6500015258789,92.0,102.69999694824219,102.69999694824219,3764561
2024-04-03,103.0,104.80000305175781,99.19999694824219,101.5,101.5,617390
2024-04-04,102.8499984741211,102.8499984741211,98.94999694824219,100.25,100.25,272917
2024-04-05,100.30000305175781,102.4000015258789,98.5999984741211,100.19999694824219,100.19999694824219,188193
2024-04-08,101.69999694824219,106.4000015258789,99.69999694824219,103.25,103.25,649650
2024-04-09,104.19999694824219,104.19999694824219,99.30000305175781,100.0,100.0,170137
2024-04-10,100.9000015258789,101.94999694824219,99.05000305175781,99.9000015258789,99.9000015258789,145674
2024-04-12,99.5999984741211,100.44999694824219,98.0,98.4000015258789,98.4000015258789,161376
2024-04-15,96.0999984741211,101.4000015258789,93.0,95.75,95.75,320876
2024-04-16,95.75,98.94999694824219,95.75,98.30000305175781,98.30000305175781,162974
2024-04-18,98.30000305175781,101.75,97.25,97.55000305175781,97.55000305175781,199371
2024-04-19,96.9000015258789,98.8499984741211,95.0,97.0999984741211,97.0999984741211,175660
2024-04-22,97.6500015258789,102.0,97.4000015258789,99.44999694824219,99.44999694824219,198260
2024-04-23,101.0,101.69999694824219,98.75,99.0999984741211,99.0999984741211,109233
2024-04-24,100.0999984741211,105.9000015258789,99.69999694824219,102.30000305175781,102.30000305175781,580909
2024-04-25,102.30000305175781,106.1500015258789,101.5,103.75,103.75,369133
2024-04-26,104.0999984741211,118.5999984741211,104.0,112.05000305175781,112.05000305175781,4283113
2024-04-29,112.5,114.25,106.05000305175781,107.5,107.5,1013764
2024-04-30,107.0,111.75,106.0,109.0999984741211,109.0999984741211,638133
2024-05-02,110.25,110.25,105.1500015258789,105.94999694824219,105.94999694824219,283634
2024-05-03,106.80000305175781,109.0,104.55000305175781,107.80000305175781,107.80000305175781,314686
2024-05-06,108.80000305175781,108.80000305175781,102.0,104.44999694824219,104.44999694824219,278221
2024-05-07,104.80000305175781,104.80000305175781,100.0,101.30000305175781,101.30000305175781,191796
2024-05-08,102.80000305175781,103.5,100.5,101.69999694824219,101.69999694824219,144172
2024-05-09,102.0,102.8499984741211,99.44999694824219,100.0,100.0,103502
2024-05-10,100.05000305175781,101.5,98.19999694824219,100.19999694824219,100.19999694824219,162720
2024-05-13,100.5,102.05000305175781,97.0999984741211,99.44999694824219,99.44999694824219,207741
2024-05-14,99.1500015258789,102.0,99.1500015258789,101.1500015258789,101.1500015258789,92312
2024-05-15,102.6500015258789,109.69999694824219,102.05000305175781,106.75,106.75,761145
2024-05-16,107.25,111.69999694824219,106.3499984741211,107.5999984741211,107.5999984741211,494930
2024-05-17,107.55000305175781,109.44999694824219,106.25,106.75,106.75,224520
2024-05-21,107.75,108.55000305175781,102.19999694824219,103.94999694824219,103.94999694824219,312987
2024-05-22,104.94999694824219,105.25,102.25,104.5,104.5,148783
2024-05-23,105.3499984741211,106.0999984741211,104.5,105.3499984741211,105.3499984741211,179964
2024-05-24,105.44999694824219,106.5,103.5,104.25,104.25,160975
2024-05-27,101.05000305175781,101.8499984741211,97.1500015258789,98.69999694824219,98.69999694824219,492411
2024-05-28,99.69999694824219,100.0,96.5,98.30000305175781,98.30000305175781,120443
2024-05-29,99.0,99.0,97.4000015258789,98.0,98.0,72643
2024-05-30,98.05000305175781,99.5999984741211,94.05000305175781,94.94999694824219,94.94999694824219,160493
2024-05-31,93.44999694824219,96.44999694824219,92.55000305175781,94.5,94.5,184702
2024-06-03,96.4000015258789,99.0,95.30000305175781,96.0,96.0,221309
2024-06-04,94.1500015258789,94.94999694824219,87.5999984741211,89.4000015258789,89.4000015258789,374477
2024-06-05,90.94999694824219,94.3499984741211,87.5,93.25,93.25,154343
2024-06-06,94.6500015258789,97.1500015258789,94.0,96.05000305175781,96.05000305175781,176547
2024-06-07,97.0,101.5,96.0999984741211,99.75,99.75,499406
2024-06-10,101.0,105.58999633789062,97.30999755859375,103.86000061035156,103.86000061035156,683263
2024-06-11,104.6500015258789,105.5,103.0,103.51000213623047,103.51000213623047,187401
2024-06-12,104.75,105.30000305175781,103.12999725341797,103.93000030517578,103.93000030517578,149480
2024-06-13,104.5,104.58000183105469,101.61000061035156,102.76000213623047,102.76000213623047,186357
2024-06-14,102.5,108.0,102.5,105.08000183105469,105.08000183105469,574601
2024-06-18,105.5,107.66999816894531,104.62000274658203,105.25,105.25,362721
2024-06-19,105.4000015258789,106.5,102.6500015258789,105.11000061035156,105.11000061035156,290612
2024-06-20,105.05000305175781,121.9000015258789,105.0,116.30000305175781,116.30000305175781,5645929
2024-06-21,116.9000015258789,132.0500030517578,115.5,127.54000091552734,127.54000091552734,6983671
2024-06-24,128.89999389648438,138.99000549316406,128.5,132.6199951171875,132.6199951171875,3564754
2024-06-25,133.89999389648438,134.64999389648438,124.9000015258789,126.05000305175781,126.05000305175781,1279975
2024-06-26,126.94999694824219,135.0,123.58999633789062,131.61000061035156,131.61000061035156,927298
2024-06-27,132.60000610351562,136.5,127.3499984741211,128.52000427246094,128.52000427246094,972256
2024-06-28,129.6999969482422,130.88999938964844,124.4000015258789,128.5,128.5,290963
2024-07-01,129.35000610351562,142.0,126.58000183105469,139.6999969482422,139.6999969482422,1338323
2024-07-02,141.0,141.58999633789062,131.60000610351562,135.25,135.25,617935
2024-07-03,135.99000549316406,137.8000030517578,131.75,133.10000610351562,133.10000610351562,372389
2024-07-04,134.0,140.13999938964844,133.35000610351562,133.64999389648438,133.64999389648438,560946
2024-07-05,134.5,136.0,131.36000061035156,135.1999969482422,135.1999969482422,461634
2024-07-08,136.38999938964844,137.2899932861328,131.3000030517578,134.02999877929688,134.02999877929688,327232
2024-07-09,135.10000610351562,139.60000610351562,130.77999877929688,132.6699981689453,132.6699981689453,529464
2024-07-10,133.3000030517578,134.0500030517578,125.70999908447266,130.3000030517578,130.3000030517578,340685
2024-07-11,132.0,146.5,129.9600067138672,141.19000244140625,141.19000244140625,1733281
2024-07-12,142.38999938964844,142.4499969482422,136.0,137.00999450683594,137.00999450683594,655521
2024-07-15,139.0,147.85000610351562,132.00999450683594,142.24000549316406,142.24000549316406,1505073
2024-07-16,143.9499969482422,144.8000030517578,135.1199951171875,136.13999938964844,136.13999938964844,271182
2024-07-18,136.5,137.7899932861328,131.39999389648438,132.83999633789062,132.83999633789062,121809
2024-07-19,132.89999389648438,132.89999389648438,126.19000244140625,126.19000244140625,126.19000244140625,140707
2024-07-22,127.5,129.50999450683594,119.87999725341797,127.94999694824219,127.94999694824219,155112
2024-07-23,128.9499969482422,129.75,122.0,124.83999633789062,124.83999633789062,95752
2024-07-24,128.39999389648438,129.0,124.1500015258789,128.77000427246094,128.77000427246094,86111
2024-07-25,128.8800048828125,135.0,126.0,132.89999389648438,132.89999389648438,132851
2024-07-26,134.99000549316406,134.99000549316406,126.55000305175781,129.4499969482422,129.4499969482422,140915
2024-07-29,129.6999969482422,132.8699951171875,127.0,130.50999450683594,130.50999450683594,98045
2024-07-30,130.0,130.0,127.0,128.6300048828125,128.6300048828125,70895
2024-07-31,128.5,130.0,122.19000244140625,127.56999969482422,127.56999969482422,167200
2024-08-01,126.0,126.37999725341797,122.0,123.01000213623047,123.01000213623047,180395
2024-08-02,122.94999694824219,128.85000610351562,119.3499984741211,124.48999786376953,124.48999786376953,87813
2024-08-05,120.8499984741211,123.9000015258789,118.26000213623047,118.88999938964844,118.88999938964844,143143
2024-08-06,120.62999725341797,122.69999694824219,113.5,115.62000274658203,115.62000274658203,118969
2024-08-07,116.04000091552734,118.0,115.0,116.44000244140625,116.44000244140625,79825
2024-08-08,117.0,118.94999694824219,116.0,116.58000183105469,116.58000183105469,48525
2024-08-09,117.0,120.9800033569336,117.0,118.62999725341797,118.62999725341797,52984
2024-08-12,118.69999694824219,119.44999694824219,115.0,116.30999755859375,116.30999755859375,56529
2024-08-13,122.12000274658203,122.12000274658203,122.12000274658203,122.12000274658203,122.12000274658203,148927
2024-08-14,127.0,128.1999969482422,118.20999908447266,127.7300033569336,127.7300033569336,346397
2024-08-16,130.0,130.0,125.0,128.0800018310547,128.0800018310547,104087
2024-08-19,130.0,130.0,125.0999984741211,126.5199966430664,126.5199966430664,96915
2024-08-20,128.97999572753906,128.97999572753906,123.0,126.2300033569336,126.2300033569336,62066
2024-08-21,124.19999694824219,129.4499969482422,124.19999694824219,125.18000030517578,125.18000030517578,122667
2024-08-22,126.94999694824219,126.94999694824219,121.0,122.62000274658203,122.62000274658203,124777
2024-08-23,124.55000305175781,128.0,120.5,125.7699966430664,125.7699966430664,133874
2024-08-26,126.44999694824219,131.4499969482422,121.6500015258789,126.72000122070312,126.72000122070312,163393
2024-08-27,128.0,128.1999969482422,124.0,125.5,125.5,48317
2024-08-28,125.9000015258789,127.0,123.0,124.33999633789062,124.33999633789062,75124
2024-08-29,125.2300033569336,125.2300033569336,120.0,122.4000015258789,122.4000015258789,65823
2024-08-30,123.0,123.0,119.19999694824219,120.27999877929688,120.27999877929688,64237
2024-09-02,120.3499984741211,122.8499984741211,118.05000305175781,119.12999725341797,119.12999725341797,73914
2024-09-03,120.01000213623047,122.0,118.05000305175781,120.63999938964844,120.63999938964844,50851
2024-09-04,120.0,120.63999938964844,117.0,119.58000183105469,119.58000183105469,46221
2024-09-05,118.41000366210938,121.5,118.0,118.37999725341797,118.37999725341797,60608
2024-09-06,120.5,120.5,115.98999786376953,116.43000030517578,116.43000030517578,53847
2024-09-09,116.43000030517578,119.0,115.0999984741211,116.68000030517578,116.68000030517578,49713
2024-09-10,118.0,118.0,114.0999984741211,117.11000061035156,117.11000061035156,69034
2024-09-11,119.3499984741211,119.3499984741211,114.30000305175781,116.18000030517578,116.18000030517578,58576
2024-09-12,116.69999694824219,117.80999755859375,114.0,116.08000183105469,116.08000183105469,46435
2024-09-13,116.06999969482422,116.9800033569336,111.1500015258789,112.58999633789062,112.58999633789062,147506
2024-09-16,113.3499984741211,116.0,111.5,112.68000030517578,112.68000030517578,79223
2024-09-17,112.98999786376953,113.88999938964844,110.0,112.44999694824219,112.44999694824219,41022
2024-09-18,112.44999694824219,112.98999786376953,110.5,110.72000122070312,110.72000122070312,35166
2024-09-19,112.5999984741211,112.5999984741211,106.19999694824219,107.0,107.0,55249
2024-09-20,108.3499984741211,112.3499984741211,107.0,112.19999694824219,112.19999694824219,61992
2024-09-23,114.0,114.0,110.0,112.8499984741211,112.8499984741211,60375
2024-09-24,113.9000015258789,113.9000015258789,110.8499984741211,111.29000091552734,111.29000091552734,48397
2024-09-25,112.9000015258789,113.5,108.44999694824219,109.69999694824219,109.69999694824219,53939
2024-09-26,110.0,111.29000091552734,108.05000305175781,109.05999755859375,109.05999755859375,36088
